1 0 0
0 1 0
0 0 1
0.989825902431 -0.0197493668681 -0.140906512928
0.0201722456096 0.999795281671 0.00157329423064
0.140846595218 -0.00439968816841 0.990021656005
0.91691347801 -0.0459317390496 -0.396434041413
0.0383426295072 0.9988984138 -0.0270518330462
0.39723987288 0.00960386675098 0.917664562429
0.805022514125 -0.0379082022702 -0.592031857211
-0.0203632258644 0.99560252381 -0.0914382502817
0.592894670903 0.0856655285563 0.800710513502
0.677515307575 -0.017088214128 -0.735310139288
-0.0446698862964 0.996928605415 -0.0643269536293
0.734150944466 0.0764287160881 0.674671062146
0.577447356165 -0.0121341572808 -0.816337744494
-0.106425637807 0.990239096517 -0.0900006408105
0.809461632492 0.138849897212 0.570519562827
0.567883504402 0.014174964472 -0.822986874628
-0.125187379498 0.989707336321 -0.0693361986749
0.813533309362 0.142402453681 0.563812997139
0.450340860627 -0.0341256771091 -0.892204319319
-0.233884604519 0.95986724246 -0.154767143221
0.861679233253 0.278370822849 0.424285969563
0.283361685372 -0.00180644671296 -0.959011413912
-0.221972113121 0.972719416905 -0.0674189659633
0.932970812116 0.231977741875 0.275230432575
-0.00597342285795 0.00569147283227 -0.999965962099
-0.23042720694 0.973064996383 0.00691484750287
0.97307123096 0.23046066899 -0.00450105850355
-0.203560394482 0.0124318786415 -0.978983459611
-0.202246365923 0.977818694535 0.0544702495738
0.957945495981 0.209083832496 -0.196530856914
-0.338393261984 0.00534648532969 -0.94098959364
-0.208842990731 0.974618755906 0.0806404728272
0.917537250179 0.223807273631 -0.328687844016
-0.473865505447 0.0496451281095 -0.879196703817
-0.101848919877 0.988619411346 0.110717916482
0.874687532932 0.1420106361 -0.463416334377
-0.586201999023 0.0609657626973 -0.807867806092
-0.0799479960431 0.987944510726 0.132566819583
0.806210601686 0.142298346809 -0.574260956556
-0.700449669809 0.102040071837 -0.706369650964
-0.0248523888864 0.985639116341 0.167026617955
0.713268966681 0.134548712659 -0.687854654045
-0.836066242509 0.134017610142 -0.532008005869
0.0503111324836 0.984348173751 0.168900748316
0.546316783639 0.114446288736 -0.829722856687
-0.92351677683 0.173242771484 -0.342204186185
0.142557063842 0.983305742854 0.113080942772
0.356081797432 0.0556485237732 -0.932796331114
-0.98017126825 0.190179877574 -0.0556408039337
0.185045081745 0.978938570815 0.0862414766405
0.0708703225512 0.0742353604222 -0.994719311487
-0.960434704694 0.196145227473 0.197717545399
0.210259523422 0.976212868647 0.0529090530792
-0.182636553924 0.0923876876375 -0.978830120268
-0.876097672228 0.170232125911 0.451080804319
0.170540707329 0.984525354571 -0.0403198877815
-0.450964229025 0.0416034796013 -0.891571878552
-0.83756820371 0.181070163968 0.515454265532
0.157222649421 0.983453880253 -0.0899972439771
-0.523221313254 0.00566225530568 -0.852178030825
-0.725490629825 0.186927000378 0.662360658981
0.160148480592 0.981842310203 -0.101676654445
-0.669339831625 0.032310593068 -0.74225347111
-0.688263943744 0.192764114039 0.699381684118
0.156642241849 0.980798790087 -0.116176337663
-0.708347338394 0.0295927305788 -0.705243446256
-0.621938163427 0.18543487936 0.760793550439
0.179818981096 0.979414245513 -0.0917216971255
-0.762140443036 0.0797598972076 -0.642479808155
-0.536168213784 0.214291111956 0.81645757138
0.160766639811 0.975458650907 -0.150447691555
-0.828660204216 0.0505938702498 -0.557460784487
-0.454834772771 0.200498515902 0.867712898716
0.156850581256 0.977132148595 -0.143564129717
-0.876654564032 0.0708033142089 -0.475881987534
-0.262347025219 0.160346043513 0.951558292848
0.129890178161 0.982991482304 -0.129831765512
-0.956191706707 0.0895370987278 -0.278712267357
-0.127180642137 0.146700825475 0.980970923152
0.142715426444 0.98141755911 -0.128264888907
-0.98155865404 0.123686872692 -0.145753786239
0.00500956530058 0.131543965465 0.991297679512
0.119780090644 0.984094015647 -0.131193362077
-0.992787809223 0.119394947621 -0.0108264648738
0.185195882036 0.0922001022435 0.978366815884
0.104017712094 0.988156719573 -0.11281229159
-0.977181048142 0.122659849622 0.173412111581
0.299486449455 0.0786011722274 0.95085736171
0.104445879908 0.98791035393 -0.11456086054
-0.948366450674 0.133622559181 0.287656195683
0.416433184047 0.083209449143 0.905350534764
0.072503864985 0.989592001325 -0.124301490237
-0.906270706129 0.117404678298 0.406065941353
0.464328739552 -0.248068290175 0.850212294098
0.358664332177 0.930401268491 0.0755868799068
-0.809789304974 0.269843663998 0.520985295906
0.565154355166 -0.277628562082 0.776867386594
0.331852994238 0.938633727397 0.0940229546905
-0.755297388485 0.204668286038 0.622604808557
0.65045975126 -0.308755658348 0.693953928896
0.323772304124 0.939194661896 0.114389169713
-0.687076129024 0.150277511636 0.710874857076
0.713722392578 -0.326521097431 0.619664682925
0.318459586654 0.93923880837 0.128116948601
-0.623846005037 0.105898223703 0.774339543234
0.7601054404 -0.349185193347 0.548004945435
0.333392283026 0.933450815666 0.132359965064
-0.557753803297 0.0820930903319 0.825936692142
0.853131633636 -0.330145446902 0.403943559895
0.310047421478 0.943572844272 0.116365304051
-0.419567649045 0.025966737225 0.907352586613
0.88669606893 -0.342735494654 0.31032637988
0.317926964528 0.939300607111 0.128983776915
-0.335697075607 -0.0157082839781 0.94183901132
0.931530979293 -0.312918729395 0.185288702868
0.295600745257 0.948314677478 0.115410016388
-0.211825952188 -0.0527365269309 0.975883509804
0.934767020607 -0.320124961084 0.154047481239
0.303009697659 0.944794428494 0.124694069668
-0.185460886198 -0.0698820232758 0.980163640681
