1 0 0
0 1 0
0 0 1
0.996570124948 0.00132622777677 -0.0827419312149
-4.8647123503e-05 0.999880784837 0.0154406524189
0.0827525449442 -0.0153836677535 0.996451383195
0.94194762823 -0.0166243409252 -0.335348023643
0.0230612694286 0.999618168322 0.0152215443572
0.334966929002 -0.0220714487309 0.941971341191
0.86670014302 -0.00241781061287 -0.49882363244
0.00956599840365 0.999884921657 0.0117743415255
0.498737760515 -0.0149765695558 0.866623533376
0.759627603303 0.0101338173559 -0.650279332322
0.00480388119184 0.99976388743 0.0211917935963
0.650340546964 -0.0192217360333 0.759399564023
0.643230716104 0.0159209158588 -0.76550687149
-0.0265006253264 0.999647705501 -0.00147707256507
0.765213671282 0.0212365092299 0.643426023688
0.525299758097 0.0313354881578 -0.850340079806
-0.0329814978447 0.999320560331 0.0164510941878
0.850277828091 0.0194037337121 0.525976339939
0.491193934649 0.0064670620528 -0.871026231334
-0.136222260241 0.988238717659 -0.0694818878095
0.860332502222 0.152782243822 0.486297821909
0.314628732789 0.0529325626979 -0.947737782464
-0.136467511165 0.990593852813 0.0100218344073
0.939353702766 0.126182259351 0.31889286371
0.027717854533 0.0876619688117 -0.995764580493
-0.134522702344 0.987412965745 0.0831821954055
0.990522772628 0.131647310275 0.0391614938859
-0.154714190746 0.118282371351 -0.980853097976
-0.129960973372 0.9817433383 0.138889031616
0.979374118803 0.148960727478 -0.136517533992
-0.318763763837 0.112647395357 -0.941116479073
-0.105926417146 0.982458812979 0.153474020441
0.941896627563 0.148611053153 -0.301239934049
-0.457548179803 0.130137016028 -0.879610152408
-0.0908370776478 0.977215668629 0.191828471063
0.884532808031 0.167671983483 -0.435301984226
-0.565354210151 0.132167899529 -0.814190557179
-0.0824178622667 0.973087989229 0.215190755374
0.82072036227 0.188762844736 -0.539246395818
-0.702046259998 0.148855955679 -0.696399995176
-0.042133321196 0.967514042323 0.249281690368
0.71088383866 0.204348923086 -0.672967819116
-0.825618604937 0.172502978437 -0.537211914994
0.0306370217127 0.964418891622 0.262597742533
0.563396212343 0.200347008746 -0.801527157372
-0.90901746473 0.201908528636 -0.364582219644
0.117851733913 0.963635605599 0.239827830819
0.399747692464 0.175041040004 -0.899756865316
-0.97740361082 0.190568487943 -0.0914649274848
0.169655860504 0.965338877646 0.198337440493
0.126091516579 0.17833816952 -0.975856765483
-0.972911617306 0.185379894613 0.138120525571
0.204743683002 0.968392757284 0.142462247314
-0.107345280202 0.166882480543 -0.980115926055
-0.922573205428 0.147478826868 0.356523037476
0.178036763817 0.982525912257 0.0542746945855
-0.342288754351 0.113546586776 -0.932708733355
-0.885750925884 0.157695900304 0.436551600985
0.184210403795 0.98270752721 0.0187734679281
-0.426042045377 0.0970459632942 -0.899483327572
-0.820763567855 0.158279914292 0.548903119333
0.190117087052 0.981760713608 0.00118085878954
-0.53870461191 0.105325067994 -0.835885142324
-0.765672519326 0.151280391914 0.62518784071
0.181712366049 0.983231541159 -0.0153737599453
-0.617030152565 0.101833096251 -0.780322889151
-0.704006118641 0.146647647306 0.694888374097
0.165814937627 0.985347158134 -0.0399547796506
-0.690565559071 0.0870944630656 -0.718006798804
-0.613238734873 0.131046804903 0.778951210909
0.146054465649 0.987949465534 -0.0512244728138
-0.776277235989 0.082356471973 -0.624988851428
-0.539612529726 0.124502000379 0.832656933956
0.132026050865 0.989282725147 -0.0623603369009
-0.831497107425 0.0762819875656 -0.550266861365
-0.359634986469 0.0844617023011 0.92926255566
0.0872796718686 0.994573511988 -0.0566196797172
-0.929002118074 0.0607433131888 -0.365055221188
-0.148634403367 0.0672068489889 0.986605824828
0.0786846411183 0.995328418047 -0.055947005998
-0.985756836846 0.0693150753951 -0.153228192364
-0.00802311190935 0.0579992757335 0.998284385178
0.0593159075803 0.996586232572 -0.0574238988226
-0.998207019001 0.0587534259635 -0.0114360025504
0.145179123887 0.0326936421339 0.988865080661
0.0367705987423 0.998585164473 -0.0384134398722
-0.98872187447 0.0419379906374 0.143771554508
0.259673095048 0.0294356416555 0.965247857656
0.0396654681594 0.998366707955 -0.0411165062163
-0.964881616751 0.0489638585905 0.258081394541
0.36743530239 0.0287858456376 0.929603503462
0.0298210563997 0.998642326121 -0.0427107606359
-0.92957087043 0.0434151997557 0.366078020751
0.493428853945 0.0208061946854 0.869537272552
0.0231554326353 0.999045296286 -0.0370448634448
-0.86947788473 0.0384135162525 0.492475999146
0.606855537087 0.00544483662973 0.794793502025
0.00845553047652 0.999875720749 -0.0133059032456
-0.794767174153 0.0147951617395 0.606734078554
0.69959219186 -0.00884304843881 0.714487624513
0.00494607684071 0.999959392002 0.00753330417147
-0.714525227975 -0.00173633008469 0.699607521219
0.770002812438 -0.011916176308 0.637929207341
-0.000880635873672 0.999804783533 0.0197387766992
-0.638039883798 -0.0157606969173 0.769842001397
0.805421348672 -0.0261151963459 0.592127053616
0.0171062278059 0.999636889619 0.0208198434806
-0.592455760436 -0.00663968614611 0.805575624317
0.894489193776 -0.00543873550474 0.447056486783
-0.0021749859355 0.999861239757 0.0165157702856
-0.447084278022 -0.0157455196185 0.894353245065
0.9387188058 -0.00326469789397 0.344668457196
-0.00402047124816 0.999783409042 0.020419863239
-0.344660469809 -0.0205542392567 0.938502362171
0.978484507559 0.0275848485993 0.204467954934
-0.0290020164145 0.999571599732 0.00393701060389
-0.204271758966 -0.00978228686725 0.978865340766
0.995728945965 0.026723082723 0.0883727504224
-0.0283799396062 0.999443216292 0.0175452681657
-0.0878546822622 -0.0199783446972 0.995932939784
