[jose@phenom2x4 build]$ ./test_synthetic -f 55 -c 5
Number of cameras: 5    ||      Number of Features: 55
Width in Images: 1024   ||      Height in Images: 1024
Camera Pose Variables 
Rotation matrix 0:
1 0 0
0 1 0
0 0 1
Angles of Rotation 0:
-0  0 -0
Translation 0:
0 0 0

Rotation matrix 1:
  0.995128 -0.0887286 -0.0429848
 0.0909081   0.994515  0.0517221
 0.0381598 -0.0553778   0.997736
Angles of Rotation 1:
-2.96753 -2.46361  5.09519
Translation 1:
 0.431 -0.548  0.654

Rotation matrix 2:
  0.991167  -0.129036 -0.0306242
  0.131972   0.982471   0.131656
 0.0130991  -0.134534   0.990822
Angles of Rotation 2:
-7.56885 -1.75491  7.41741
Translation 2:
  0.861877 -0.0834116   0.571368

Rotation matrix 3:
  0.998425 -0.0270483  0.0491614
 0.0238589   0.997643  0.0643433
-0.0507859  -0.063069   0.996716
Angles of Rotation 3:
-3.69362 2.81788 1.55182
Translation 3:
 0.988864 -0.273888  0.864982

Rotation matrix 4:
  0.996969  0.0507104 -0.0589939
 -0.050698   0.998713 0.00170676
 0.0590045 0.00128928   0.998257
Angles of Rotation 4:
-0.097961 -3.38207 -2.91181
Translation 4:
 1.73695 -1.11019  1.25947

Camera Matrix 0:
520.281       0 328.594       0
      0 517.351 265.235       0
      0       0       1       0

Camera Matrix 1:
   530.285   -64.3606    305.486    439.142
   57.1527    499.825    291.393   -110.044
 0.0381598 -0.0553778   0.997736      0.654

Camera Matrix 2:
  519.989  -111.342   309.645   636.166
  71.7502   472.599   330.913   108.394
0.0130991 -0.134534  0.990822  0.571368

Camera Matrix 3:
  502.773  -34.7968   353.093   798.715
  -1.1268   499.403   297.652   87.7275
-0.0507859 -0.063069  0.996716  0.864982

Camera Matrix 4:
   538.093    26.8073    297.328    1317.56
  -10.5786    517.027    265.656   -240.304
 0.0590045 0.00128928   0.998257    1.25947

Visibility matrix:
0 1 0 1 0 0 0 0 0 1 0 0 0 0 0 1 1 1 1 1 1 0 0 0 1 0 0 1 1 0 1 1 0 1 1 0 1 0 1 1 0 0 0 1 0 0 0 0 0 0 0 1 0 0 0
1 0 0 1 1 0 1 0 1 1 0 0 0 1 0 1 1 1 1 1 0 0 1 1 1 0 1 1 1 1 1 1 0 1 1 1 1 0 1 1 0 1 0 1 1 0 0 0 1 0 0 1 1 0 0
0 1 0 1 0 0 0 0 0 1 0 0 0 0 0 1 1 1 1 1 1 0 0 0 1 1 0 1 1 1 1 1 1 1 1 0 1 0 1 1 0 0 0 1 0 0 0 0 0 1 0 0 0 0 0
0 1 0 1 0 0 0 0 1 1 0 0 0 1 0 1 1 1 1 1 1 0 0 1 1 1 1 1 1 1 1 1 1 1 1 0 1 0 1 1 0 0 0 1 0 0 0 0 0 0 0 1 1 0 0
0 0 0 0 0 0 0 0 1 1 0 0 0 0 0 0 1 1 1 1 0 0 0 0 1 0 0 0 0 1 1 1 0 0 1 0 1 0 1 1 0 0 0 1 0 0 0 0 0 0 0 0 0 0 0
Visibility matrix:
122

++++++++++++++++++++++++++++++++++++ 
RECOVER INFORMATION:
++++++++++++++++++++++++++++++++++++ 

Point of image1, 0: [745.09, 263.889]   ||      Point of image2, 0: [693.871, 119.608]
Point of image1, 1: [923.013, 704.798]  ||      Point of image2, 1: [761.268, 282.415]
Point of image1, 2: [563.95, 267.696]   ||      Point of image2, 2: [596.392, 101.841]
Point of image1, 3: [896.301, 890.996]  ||      Point of image2, 3: [737.146, 312.295]
Point of image1, 4: [745.733, 580.611]  ||      Point of image2, 4: [684.006, 261.853]
Point of image1, 5: [353.783, 937.767]  ||      Point of image2, 5: [465.707, 434.728]
Point of image1, 6: [657.792, 582.032]  ||      Point of image2, 6: [645.196, 171.848]
Point of image1, 7: [464.468, 927.561]  ||      Point of image2, 7: [522.302, 447.373]
Point of image1, 8: [683.954, 230.078]  ||      Point of image2, 8: [661.859, 83.3959]
Point of image1, 9: [515.173, 277.269]  ||      Point of image2, 9: [573.346, 94.7334]
Point of image1, 10: [698.035, 578.388] ||      Point of image2, 10: [659.955, 240.695]
Point of image1, 11: [587.346, 548.346] ||      Point of image2, 11: [597.425, 269.781]
Point of image1, 12: [864.965, 61.6758] ||      Point of image2, 12: [757.798, 3.78078]
Point of image1, 13: [904.988, 337.249] ||      Point of image2, 13: [771.123, 143.984]
Point of image1, 14: [779.356, 625.086] ||      Point of image2, 14: [703.945, 347.553]
Point of image1, 15: [699.669, 421.39]  ||      Point of image2, 15: [663.922, 218.657]
Point of image1, 16: [625.186, 459.375] ||      Point of image2, 16: [624.241, 200.766]
Point of image1, 17: [426.003, 751.495] ||      Point of image2, 17: [502.664, 364.227]
Point of image1, 18: [922.081, 385.371] ||      Point of image2, 18: [742.515, 55.6222]
F keeping 19 / 19
19 matches before, 19 new matches after Fundamental Matrix
Essential Matrix:
 63.6514  491.119   459.85
-502.446  27.0569  362.864
-462.957 -300.986        1
Rotation matrix has det = -1, correct procedure to achieve det = 1
Recalculating Essential Matrix:
-63.6514 -491.119  -459.85
 502.446 -27.0569 -362.864
 462.957  300.986       -1
Rotation Matrix Rot1(W):
 -0.613985 -0.495623  0.614313
-0.575517 -0.251535 -0.778146
 0.540189 -0.831317 -0.130801
Rotation Matrix Rot2(WT):
   0.995128 -0.0887281  -0.042984
 0.0909077   0.994515  0.0517234
 0.0381589 -0.0553789   0.997736
Rotation Value (W):
 99.5418  37.902 141.089
Rotation Value (WT):
  -2.9676 -2.46356  5.09516
Translation Value (+u):
-0.450875   0.57327 -0.684158
Translation Value (-u):
0.450875 -0.57327 0.684158


Selected Rotation Matrix:
   0.995128 -0.0887281  -0.042984
 0.0909077   0.994515  0.0517234
 0.0381589 -0.0553789   0.997736

Selected translation vector:
 0.450875 -0.57327 0.684158

Rotation matrix 1:
  0.995128 -0.0887281  -0.042984
 0.0909077   0.994515  0.0517234
 0.0381589 -0.0553789   0.997736
Angles of Rotation 1:
 -2.9676 -2.46356  5.09516
Translation 1:
0.450875 -0.57327 0.684158

Point of image1, 0: [693.871, 119.608]  ||      Point of image2, 0: [877.271, 309.337]
Point of image1, 1: [761.268, 282.415]  ||      Point of image2, 1: [1014.87, 536.306]
Point of image1, 2: [596.392, 101.841]  ||      Point of image2, 2: [780.363, 293.885]
Point of image1, 3: [737.146, 312.295]  ||      Point of image2, 3: [1017.19, 593.653]
Point of image1, 4: [684.006, 261.853]  ||      Point of image2, 4: [898.026, 486.098]
Point of image1, 5: [465.707, 434.728]  ||      Point of image2, 5: [663.949, 685.884]
Point of image1, 6: [645.196, 171.848]  ||      Point of image2, 6: [899.855, 422.985]
Point of image1, 7: [522.302, 447.373]  ||      Point of image2, 7: [723.395, 698.453]
Point of image1, 8: [661.859, 83.3959]  ||      Point of image2, 8: [854.327, 279.565]
Point of image1, 9: [573.346, 94.7334]  ||      Point of image2, 9: [763.872, 292.254]
Point of image1, 10: [511.385, 312.787] ||      Point of image2, 10: [780.52, 605.843]
Point of image1, 11: [659.955, 240.695] ||      Point of image2, 11: [880.256, 469.476]
Point of image1, 12: [597.425, 269.781] ||      Point of image2, 12: [782.801, 475.168]
Point of image1, 13: [757.798, 3.78078] ||      Point of image2, 13: [955.12, 199.812]
Point of image1, 14: [771.123, 143.984] ||      Point of image2, 14: [983.547, 354.124]
Point of image1, 15: [703.945, 347.553] ||      Point of image2, 15: [892.76, 558.275]
Point of image1, 16: [663.922, 218.657] ||      Point of image2, 16: [841.912, 410.46]
Point of image1, 17: [624.241, 200.766] ||      Point of image2, 17: [821.863, 409.022]
Point of image1, 18: [502.664, 364.227] ||      Point of image2, 18: [689.593, 588.789]
F keeping 19 / 19
19 matches before, 19 new matches after Fundamental Matrix
Essential Matrix:
-0.0880488   3.1302    14.75
-4.05977  1.37104 -14.7478
-13.8655  15.2511        1
Rotation Matrix Rot1(W):
  0.0189935   0.978062  -0.207447
  0.959502 -0.0761569   -0.27121
 -0.281059  -0.193895  -0.939899
Rotation Matrix Rot2(WT):
   0.999103 -0.0398068  0.0144118
 0.0384961    0.99589  0.0819857
-0.0176161 -0.0813574   0.996529
Rotation Value (W):
  163.904 -11.9728 -88.8875
Rotation Value (WT):
  -4.7032 0.825761   2.2816
Translation Value (+u):
 0.698947  0.685149 -0.205047
Translation Value (-u):
-0.698947 -0.685149  0.205047


Selected Rotation Matrix:
   0.999103 -0.0398068  0.0144118
 0.0384961    0.99589  0.0819857
-0.0176161 -0.0813574   0.996529

Selected translation vector:
  0.698947  0.685149 -0.205047

Rotation matrix 2:
  0.991167  -0.129035 -0.0306253
  0.131971   0.982472   0.131656
 0.0131002  -0.134535   0.990822
Angles of Rotation 2:
-7.56888 -1.75497  7.41734
Translation 2:
 1.19886 0.271503 0.555863

Point of image1, 0: [918.047, 179.713]  ||      Point of image2, 0: [884.625, 88.7869]
Point of image1, 1: [877.271, 309.337]  ||      Point of image2, 1: [857.568, 204.038]
Point of image1, 2: [1014.87, 536.306]  ||      Point of image2, 2: [957.647, 369.426]
Point of image1, 3: [780.363, 293.885]  ||      Point of image2, 3: [766.684, 200.211]
Point of image1, 4: [1017.19, 593.653]  ||      Point of image2, 4: [946.212, 406.192]
Point of image1, 5: [898.026, 486.098]  ||      Point of image2, 5: [869.685, 344.475]
Point of image1, 6: [663.949, 685.884]  ||      Point of image2, 6: [680.232, 508.578]
Point of image1, 7: [899.855, 422.985]  ||      Point of image2, 7: [848.247, 287.827]
Point of image1, 8: [909.209, 172.745]  ||      Point of image2, 8: [888.788, 80.6361]
Point of image1, 9: [723.395, 698.453]  ||      Point of image2, 9: [729.933, 516.705]
Point of image1, 10: [996.659, 90.7488] ||      Point of image2, 10: [899.264, 22.1475]
Point of image1, 11: [854.327, 279.565] ||      Point of image2, 11: [830.128, 180.948]
Point of image1, 12: [763.872, 292.254] ||      Point of image2, 12: [749.274, 200.243]
Point of image1, 13: [780.52, 605.843]  ||      Point of image2, 13: [749.492, 423.43]
Point of image1, 14: [880.256, 469.476] ||      Point of image2, 14: [849.502, 330.929]
Point of image1, 15: [782.801, 475.168] ||      Point of image2, 15: [777.375, 348.367]
Point of image1, 16: [867.683, 114.654] ||      Point of image2, 16: [837.225, 37.4279]
Point of image1, 17: [955.12, 199.812]  ||      Point of image2, 17: [918.757, 102.222]
Point of image1, 18: [983.547, 354.124] ||      Point of image2, 18: [944.802, 230.719]
Point of image1, 19: [892.76, 558.275]  ||      Point of image2, 19: [881.64, 409.705]
Point of image1, 20: [841.912, 410.46]  ||      Point of image2, 20: [831.95, 292.888]
Point of image1, 21: [821.863, 409.022] ||      Point of image2, 21: [804.33, 290.2]
Point of image1, 22: [689.593, 588.789] ||      Point of image2, 22: [700.348, 440.642]
F keeping 23 / 23
23 matches before, 23 new matches after Fundamental Matrix
Essential Matrix:
-12.0169  101.343  9.16551
-102.447 -9.45008  22.7372
-13.0424 -31.0729        1
Rotation matrix has det = -1, correct procedure to achieve det = 1
Recalculating Essential Matrix:
 12.0169 -101.343 -9.16551
 102.447  9.45008 -22.7372
 13.0424  31.0729       -1
Rotation Matrix Rot1(W):
  -0.86896 -0.145809  0.472914
0.0391227 -0.972859 -0.228066
 0.493333 -0.179679   0.85108
Rotation Matrix Rot2(WT):
   0.99159  0.111662  0.065427
-0.107054  0.991775 -0.070152
-0.0727222 0.0625578  0.995388
Rotation Value (W):
 15.0013 28.2236 170.475
Rotation Value (WT):
  4.03137  3.75137 -6.42498
Translation Value (+u):
 0.276593 -0.153221  0.948694
Translation Value (-u):
-0.276593  0.153221 -0.948694


Selected Rotation Matrix:
   0.99159  0.111662  0.065427
-0.107054  0.991775 -0.070152
-0.0727222 0.0625578  0.995388

Selected translation vector:
  0.276593 -0.153221  0.948694

Rotation matrix 3:
  0.998425  -0.027047  0.0491599
 0.0238577   0.997643  0.0643437
-0.0507843 -0.0630695   0.996716
Angles of Rotation 3:
-3.69364 2.81779 1.55175
Translation 3:
 1.49355 0.182011  1.42472

Point of image1, 0: [930.983, 622.87]   ||      Point of image2, 0: [1009.54, 218.427]
Point of image1, 1: [957.647, 369.426]  ||      Point of image2, 1: [989.631, 88.8257]
Point of image1, 2: [946.212, 406.192]  ||      Point of image2, 2: [992.865, 102.76]
Point of image1, 3: [869.685, 344.475]  ||      Point of image2, 3: [919.224, 89.4825]
Point of image1, 4: [680.232, 508.578]  ||      Point of image2, 4: [793.03, 222.678]
Point of image1, 5: [848.247, 287.827]  ||      Point of image2, 5: [928.731, 20.3277]
Point of image1, 6: [729.933, 516.705]  ||      Point of image2, 6: [824.675, 229.041]
Point of image1, 7: [749.492, 423.43]   ||      Point of image2, 7: [875.078, 113.925]
Point of image1, 8: [849.502, 330.929]  ||      Point of image2, 8: [910.748, 74.1341]
Point of image1, 9: [777.375, 348.367]  ||      Point of image2, 9: [845.007, 108.983]
Point of image1, 10: [944.802, 230.719] ||      Point of image2, 10: [968.085, 0.555388]
Point of image1, 11: [881.64, 409.705]  ||      Point of image2, 11: [910.466, 159.112]
Point of image1, 12: [831.95, 292.888]  ||      Point of image2, 12: [875.931, 70.2116]
Point of image1, 13: [804.33, 290.2]    ||      Point of image2, 13: [870.689, 54.2109]
Point of image1, 14: [700.348, 440.642] ||      Point of image2, 14: [797.254, 179.226]
F keeping 15 / 15
15 matches before, 15 new matches after Fundamental Matrix
Essential Matrix:
0.399067  2.73556  5.22575
-1.64521 0.277079  6.86956
-4.84553 -7.00514        1
Rotation Matrix Rot1(W):
  0.230488 -0.869221  0.437413
-0.915476 -0.346062 -0.205293
 0.329818 -0.353123 -0.875514
Rotation Matrix Rot2(WT):
  0.991127   0.07058 -0.112633
-0.0775464  0.995258 -0.058713
 0.107955 0.0669263  0.991901
Rotation Value (W):
 166.803 25.9389 75.1489
Rotation Value (WT):
  3.38752 -6.46709 -4.07326
Translation Value (+u):
0.747605 -0.60771 0.267908
Translation Value (-u):
-0.747605   0.60771 -0.267908


Selected Rotation Matrix:
  0.991127   0.07058 -0.112633
-0.0775464  0.995258 -0.058713
 0.107955 0.0669263  0.991901

Selected translation vector:
 0.747605 -0.60771 0.267908

Rotation matrix 4:
  0.996969  0.0507103 -0.0589977
 -0.050698   0.998713 0.00170624
 0.0590082 0.00128999   0.998257
Angles of Rotation 4:
-0.0979312 -3.38228 -2.91181
Translation 4:
   2.1618 -0.499223   1.77852

++++++++++++++++++++++++++++++++++++ 
Fundamental matrix from actual image and image+2 (trifocal)


Point of image1, 0: [797.613, 33.0441]  ||      Point of image2, 0: [918.047, 179.713]
Point of image1, 1: [745.09, 263.889]   ||      Point of image2, 1: [877.271, 309.337]
Point of image1, 2: [923.013, 704.798]  ||      Point of image2, 2: [1014.87, 536.306]
Point of image1, 3: [563.95, 267.696]   ||      Point of image2, 3: [780.363, 293.885]
Point of image1, 4: [896.301, 890.996]  ||      Point of image2, 4: [1017.19, 593.653]
Point of image1, 5: [745.733, 580.611]  ||      Point of image2, 5: [898.026, 486.098]
Point of image1, 6: [353.783, 937.767]  ||      Point of image2, 6: [663.949, 685.884]
Point of image1, 7: [657.792, 582.032]  ||      Point of image2, 7: [899.855, 422.985]
Point of image1, 8: [814.323, 20.2812]  ||      Point of image2, 8: [909.209, 172.745]
Point of image1, 9: [464.468, 927.561]  ||      Point of image2, 9: [723.395, 698.453]
Point of image1, 10: [683.954, 230.078] ||      Point of image2, 10: [854.327, 279.565]
Point of image1, 11: [515.173, 277.269] ||      Point of image2, 11: [763.872, 292.254]
Point of image1, 12: [698.035, 578.388] ||      Point of image2, 12: [880.256, 469.476]
Point of image1, 13: [587.346, 548.346] ||      Point of image2, 13: [782.801, 475.168]
Point of image1, 14: [864.965, 61.6758] ||      Point of image2, 14: [955.12, 199.812]
Point of image1, 15: [904.988, 337.249] ||      Point of image2, 15: [983.547, 354.124]
Point of image1, 16: [779.356, 625.086] ||      Point of image2, 16: [892.76, 558.275]
Point of image1, 17: [699.669, 421.39]  ||      Point of image2, 17: [841.912, 410.46]
Point of image1, 18: [625.186, 459.375] ||      Point of image2, 18: [821.863, 409.022]
Point of image1, 19: [426.003, 751.495] ||      Point of image2, 19: [689.593, 588.789]
F keeping 20 / 20
20 matches before, 20 new matches after Fundamental Matrix
Essential Matrix:
-0.689683 -4.95987 -1.42332
 5.00405 0.380689 -7.85694
 1.77087  7.53725        1
Rotation Matrix Rot1(W):
   0.991167  -0.129036 -0.0306241
  0.131972   0.982471   0.131656
 0.0130989  -0.134534   0.990822
Rotation Matrix Rot2(WT):
  0.371402 -0.303454  0.877483
 -0.26384 -0.940616 -0.213614
 0.890196 -0.152179  -0.42941
Rotation Value (W):
 -7.56885 -1.7549  7.4174
Rotation Value (WT):
 153.552 61.3402 39.2505
Translation Value (+u):
-0.830784 0.0804025 -0.550756
Translation Value (-u):
  0.830784 -0.0804025   0.550756


Selected Rotation Matrix:
   0.991167  -0.129036 -0.0306241
  0.131972   0.982471   0.131656
 0.0130989  -0.134534   0.990822

Selected translation vector:
   0.830784 -0.0804025   0.550756

Rotation matrix 1-3:
  0.991167  -0.129036 -0.0306241
  0.131972   0.982471   0.131656
 0.0130989  -0.134534   0.990822
Angles of Rotation 1-3:
-7.56885 -1.7549  7.4174
Translation 1-3:
  0.830784 -0.0804025   0.550756

Point of image1, 0: [693.871, 119.608]  ||      Point of image2, 0: [857.568, 204.038]
Point of image1, 1: [673.037, 540.97]   ||      Point of image2, 1: [930.983, 622.87]
Point of image1, 2: [761.268, 282.415]  ||      Point of image2, 2: [957.647, 369.426]
Point of image1, 3: [676.858, 339.624]  ||      Point of image2, 3: [947.408, 476.457]
Point of image1, 4: [596.392, 101.841]  ||      Point of image2, 4: [766.684, 200.211]
Point of image1, 5: [737.146, 312.295]  ||      Point of image2, 5: [946.212, 406.192]
Point of image1, 6: [684.006, 261.853]  ||      Point of image2, 6: [869.685, 344.475]
Point of image1, 7: [465.707, 434.728]  ||      Point of image2, 7: [680.232, 508.578]
Point of image1, 8: [645.196, 171.848]  ||      Point of image2, 8: [848.247, 287.827]
Point of image1, 9: [685.706, 620.565]  ||      Point of image2, 9: [988.235, 704.958]
Point of image1, 10: [522.302, 447.373] ||      Point of image2, 10: [729.933, 516.705]
Point of image1, 11: [650.042, 435.246] ||      Point of image2, 11: [941.047, 558.824]
Point of image1, 12: [661.859, 83.3959] ||      Point of image2, 12: [830.128, 180.948]
Point of image1, 13: [573.346, 94.7334] ||      Point of image2, 13: [749.274, 200.243]
Point of image1, 14: [511.385, 312.787] ||      Point of image2, 14: [749.492, 423.43]
Point of image1, 15: [659.955, 240.695] ||      Point of image2, 15: [849.502, 330.929]
Point of image1, 16: [597.425, 269.781] ||      Point of image2, 16: [777.375, 348.367]
Point of image1, 17: [757.798, 3.78078] ||      Point of image2, 17: [918.757, 102.222]
Point of image1, 18: [771.123, 143.984] ||      Point of image2, 18: [944.802, 230.719]
Point of image1, 19: [703.945, 347.553] ||      Point of image2, 19: [881.64, 409.705]
Point of image1, 20: [663.922, 218.657] ||      Point of image2, 20: [831.95, 292.888]
Point of image1, 21: [624.241, 200.766] ||      Point of image2, 21: [804.33, 290.2]
Point of image1, 22: [502.664, 364.227] ||      Point of image2, 22: [700.348, 440.642]
Point of image1, 23: [742.515, 55.6222] ||      Point of image2, 23: [942.685, 195.728]
Point of image1, 24: [782.949, 454.871] ||      Point of image2, 24: [1004.04, 532.741]
F keeping 25 / 25
25 matches before, 25 new matches after Fundamental Matrix
Essential Matrix:
0.457401  11.8221 -13.9788
-13.8202 -1.17958  24.6738
 15.8052 -24.8073        1
Rotation matrix has det = -1, correct procedure to achieve det = 1
Recalculating Essential Matrix:
-0.457401 -11.8221  13.9788
 13.8202  1.17958 -24.6738
-15.8052  24.8073       -1
Rotation Matrix Rot1(W):
  0.226285  0.740079  0.633307
 0.736511  -0.55549  0.385981
 0.637453  0.379096 -0.670776
Rotation Matrix Rot2(WT):
   0.993846   0.066394  0.0886635
-0.0675295   0.997669 0.00986548
-0.0878018 -0.0157922   0.996013
Rotation Value (W):
 -150.083  39.2946 -72.9985
Rotation Value (WT):
 -0.567494  5.08672 -3.82197
Translation Value (+u):
0.815531 0.447145 0.367384
Translation Value (-u):
-0.815531 -0.447145 -0.367384


Selected Rotation Matrix:
   0.993846   0.066394  0.0886635
-0.0675295   0.997669 0.00986548
-0.0878018 -0.0157922   0.996013

Selected translation vector:
 0.815531 0.447145 0.367384

Rotation matrix 2-4:
  0.994991 -0.0749403  0.0661553
 0.0648605   0.987567   0.143192
-0.0760637  -0.138184   0.987481
Angles of Rotation 2-4:
-8.25078 3.79319 4.30724
Translation 2-4:
 1.68461 0.500491 0.859164

Point of image1, 0: [1014.87, 536.306]  ||      Point of image2, 0: [989.631, 88.8257]
Point of image1, 1: [1017.19, 593.653]  ||      Point of image2, 1: [992.865, 102.76]
Point of image1, 2: [898.026, 486.098]  ||      Point of image2, 2: [919.224, 89.4825]
Point of image1, 3: [663.949, 685.884]  ||      Point of image2, 3: [793.03, 222.678]
Point of image1, 4: [899.855, 422.985]  ||      Point of image2, 4: [928.731, 20.3277]
Point of image1, 5: [723.395, 698.453]  ||      Point of image2, 5: [824.675, 229.041]
Point of image1, 6: [780.52, 605.843]   ||      Point of image2, 6: [875.078, 113.925]
Point of image1, 7: [880.256, 469.476]  ||      Point of image2, 7: [910.748, 74.1341]
Point of image1, 8: [782.801, 475.168]  ||      Point of image2, 8: [845.007, 108.983]
Point of image1, 9: [983.547, 354.124]  ||      Point of image2, 9: [968.085, 0.555388]
Point of image1, 10: [892.76, 558.275]  ||      Point of image2, 10: [910.466, 159.112]
Point of image1, 11: [841.912, 410.46]  ||      Point of image2, 11: [875.931, 70.2116]
Point of image1, 12: [821.863, 409.022] ||      Point of image2, 12: [870.689, 54.2109]
Point of image1, 13: [689.593, 588.789] ||      Point of image2, 13: [797.254, 179.226]
F keeping 14 / 14
14 matches before, 14 new matches after Fundamental Matrix
Essential Matrix:
-0.601811  4.67389  4.20701
-3.87884 0.076926  5.77472
-3.71733 -6.31051        1
Rotation Matrix Rot1(W):
 0.0384511 -0.665775  0.745161
-0.694506 -0.553966 -0.459112
 0.718459 -0.499866 -0.483686
Rotation Matrix Rot2(WT):
   0.983426   0.173627 -0.0522165
 -0.179173    0.97474  -0.133339
 0.0277462   0.140485   0.989694
Rotation Value (W):
 136.493 48.1729 86.6946
Rotation Value (WT):
   7.6731 -2.99314 -10.0126
Translation Value (+u):
 -0.66457  0.568191 -0.485289
Translation Value (-u):
  0.66457 -0.568191  0.485289


Selected Rotation Matrix:
   0.983426   0.173627 -0.0522165
 -0.179173    0.97474  -0.133339
 0.0277462   0.140485   0.989694

Selected translation vector:
   0.66457 -0.568191  0.485289

Rotation matrix 3-5:
    0.993734     0.104986    0.0383581
   -0.104912     0.994474  -0.00394818
  -0.0385606 -0.000100769     0.999256
Angles of Rotation 3-5:
0.226381 2.19829 -6.0308
Translation 3-5:
  2.42413 -0.250594    1.2788

Recover structure matrix:
         0          0          0          0
   4.25444    -2.2454    4.31822          1
         0          0          0          0
   2.11738  -0.541123    2.51734          1
         0          0          0          0
         0          0          0          0
         0          0          0          0
         0          0          0          0
 -0.516253   0.508338  -0.574542          1
   1.53783   0.320174    1.22361          1
         0          0          0          0
         0          0          0          0
         0          0          0          0
  0.600325   0.618858   0.529054          1
         0          0          0          0
   1.09261  -0.456292    2.02396          1
  0.737952   0.356953   0.599149          1
   1.40876   0.224787    1.51008          1
-0.0886383   0.722416   0.669399          1
    1.0657  -0.058437    1.21137          1
   5.05029   -2.67713    5.06099          1
         0          0          0          0
         0          0          0          0
 -0.249459    0.71842  -0.431119          1
 0.0988029   0.757024   0.710416          1
   2.09335   -1.84448    1.91411          1
  0.133383   0.717942  0.0562417          1
   1.72729  -0.664577    2.30118          1
    0.8258  -0.407344    1.80108          1
  -2.05928  0.0859818   -1.86583          1
   1.18335   0.152732     1.3716          1
  0.743821   0.237156    1.29269          1
   3.23813   -2.62677    3.60914          1
   2.90156   -1.51215     2.8028          1
   5.77505   -1.10259    4.84909          1
         0          0          0          0
   1.36096   0.532845    1.46092          1
         0          0          0          0
   2.08776  -0.104066    2.47054          1
   1.40493 -0.0844359    1.88384          1
         0          0          0          0
         0          0          0          0
         0          0          0          0
 0.0626361   0.538853   0.799993          1
         0          0          0          0
         0          0          0          0
         0          0          0          0
         0          0          0          0
         0          0          0          0
         0          0          0          0
         0          0          0          0
   1.16376  -0.219064   0.999105          1
   2.29722     1.2636    1.91038          1
         0          0          0          0
         0          0          0          0
Structure init:
   0.726026    0.108043    0.299281
   0.682107   -0.339594    0.756658
   0.953464   -0.753608    0.427927
   0.708114 -0.00230235    0.884567
   0.898393    0.883889    0.374114
   0.783693    0.559422     0.15438
   0.288401    0.326673   0.0673584
   0.934411   -0.485397    0.444107
   0.249339    0.984028     0.26811
    0.67273     0.50029    0.588824
   0.626921  -0.0476589    0.142846
   0.926201   -0.683445    0.473049
   0.682859   -0.776517    0.596245
   0.110786    0.639712   0.0950935
   0.995354    0.436499   0.0370383
   0.369468  0.00388468    0.816749
   0.523848    0.580687    0.480086
   0.591206    0.449509    0.737388
  0.0353138    0.948188    0.729402
   0.303424    0.293648    0.479547
   0.892249   -0.452511    0.955717
  0.0350945   -0.600108    0.113995
   0.508143     0.76561    0.225736
   0.104388    0.987182   0.0455924
   0.199482     0.97789    0.763842
    0.23652   -0.283175    0.265784
   0.053269    0.764521   0.0561275
   0.533355  -0.0530661    0.780882
   0.270743   0.0175615    0.754976
0.000144309     0.62441      0.4018
   0.479691    0.408907    0.675544
   0.435408    0.479096     0.87549
   0.549403   -0.504617    0.758295
   0.775139   -0.295841    0.751886
   0.820732    0.103122    0.740831
   0.584573    0.576162   0.0992437
   0.850357      0.6827    0.981504
   0.906485    -0.25059    0.454971
   0.687367    0.290895    0.963752
   0.442343    0.291184    0.775957
   0.844143   -0.749434    0.480411
   0.519687    0.121382    0.219959
   0.395178   -0.779812     0.46765
   0.153473    0.770466     0.81973
   0.905359    0.411929    0.371291
    0.64619   -0.418924    0.159372
   0.745434   -0.718209 0.000721678
   0.726938    -0.90524    0.375427
    0.18191    0.469495    0.020874
   0.145662   -0.645819    0.666466
   0.921619   -0.957534    0.791749
   0.402029   0.0818408    0.352439
   0.621988    0.872196    0.462533
  0.0896387   -0.820858    0.347766
   0.909369     0.98986    0.053731
