1 0 0
0 1 0
0 0 1
0.999048221582 -2.47461717925e-17 -0.0436193873653
1.68871916309e-17            1 -1.80540202461e-16
0.0436193873653 1.79631759239e-16 0.999048221582
0.996194698092 -6.91303782608e-17 -0.0871557427477
1.42937659881e-16            1 8.40602791749e-16
0.0871557427477 -8.49861882255e-16 0.996194698092
0.991444861374 -8.89935126154e-17 -0.13052619222
2.32232737874e-16            1 1.08217699137e-15
0.13052619222 -1.10323127218e-15 0.991444861374
0.984807753012 -6.69652570046e-17 -0.173648177667
2.43044185051e-16            1 9.9273452261e-16
0.173648177667 -1.01985683438e-15 0.984807753012
0.97629600712 2.98641690343e-16 -0.216439613938
8.43475081969e-17            1 1.76025921907e-15
0.216439613938 -1.73679018919e-15 0.97629600712
0.965925826289 2.77043084316e-16 -0.258819045103
-7.97382549465e-17            1 7.72825061775e-16
0.258819045103 -7.25853907369e-16 0.965925826289
0.953716950748 4.75428378748e-16 -0.300705799504
-2.33830231114e-16            1 8.39426855595e-16
0.300705799504 -7.30261514499e-16 0.953716950748
0.939692620786 1.7339053494e-16 -0.342020143326
5.42022730691e-16            1 1.99615522241e-15
0.342020143326 -2.06115502448e-15 0.939692620786
0.923879532511 7.98004398585e-17 -0.382683432365
8.13882928083e-16            1 2.17341580176e-15
0.382683432365 -2.31943388735e-15 0.923879532511
0.906307787037 2.07164113764e-16 -0.422618261741
8.95454788088e-16            1 2.41050104402e-15
0.422618261741 -2.56309141286e-15 0.906307787037
0.887010833178 -1.39671985941e-16 -0.461748613235
7.0907970927e-16            1 1.05964454195e-15
0.461748613235 -1.26733276046e-15 0.887010833178
0.866025403784 -1.53375383236e-16         -0.5
1.05432061905e-15            1 1.51938611319e-15
         0.5 -1.84298728171e-15 0.866025403784
0.843391445813 -7.58158968551e-17 -0.537299608347
1.32542872807e-15            1 1.93940091943e-15
0.537299608347 -2.34782648193e-15 0.843391445813
0.819152044289 3.22389827666e-16 -0.573576436351
1.0098027516e-15            1 2.00421729888e-15
0.573576436351 -2.22095776126e-15 0.819152044289
0.793353340291 2.88750252944e-16 -0.608761429009
1.74136010655e-15           1 2.74370883328e-15
0.608761429009 -3.23680343455e-15 0.793353340291
0.766044443119 -2.37493003878e-16 -0.642787609687
2.23166750043e-15            1 2.29012423626e-15
0.642787609687 -3.18882516346e-15 0.766044443119
0.73727733681 1.38139657573e-16 -0.675590207616
1.52866738388e-15            1 1.87272026884e-15
0.675590207616 -2.41346692765e-15 0.73727733681
0.707106781187 8.81318796599e-16 -0.707106781187
7.19132855481e-16            1 1.96550585041e-15
0.707106781187 -1.89832623397e-15 0.707106781187
0.675590207616 1.08699847384e-15 -0.73727733681
8.28058531403e-16            1 2.23311720947e-15
0.73727733681 -2.11918090793e-15 0.675590207616
0.642787609687 1.44773995075e-15 -0.766044443119
3.31347010491e-16            1 2.16792343906e-15
0.766044443119 -1.64734086151e-15 0.642787609687
0.608761429009 1.37500127793e-15 -0.793353340291
1.26918388341e-15            1 2.7070302265e-15
0.793353340291 -2.6548468624e-15 0.608761429009
0.573576436351 1.6567083524e-15 -0.819152044289
4.13952556887e-16            1 2.31232015839e-15
0.819152044289 -1.66538243937e-15 0.573576436351
0.537299608347 1.69816689419e-15 -0.843391445813
1.56627365105e-15            1 3.01132425053e-15
0.843391445813 -2.93896513952e-15 0.537299608347
         0.5 2.19647027613e-15 -0.866025403784
1.80625998546e-15            1 3.57911009921e-15
0.866025403784 -3.35382208285e-15          0.5
0.461748613235 2.45338035629e-15 -0.887010833178
2.87891355614e-15            1 4.26456426119e-15
0.887010833178 -4.52278414573e-15 0.461748613235
0.422618261741 2.57280742688e-15 -0.906307787037
1.72947033517e-15            1 3.6452441664e-15
0.906307787037 -3.10797918544e-15 0.422618261741
0.382683432365 3.09541333415e-15 -0.923879532511
1.6110511232e-15            1 4.01777047447e-15
0.923879532511 -3.02595135418e-15 0.382683432365
0.342020143326 3.32886939124e-15 -0.939692620786
1.88632874318e-15           1 4.22907632819e-15
0.939692620786 -3.21899849225e-15 0.342020143326
0.300705799504 3.44410968548e-15 -0.953716950748
2.14499664924e-15            1 4.28756416106e-15
0.953716950748 -3.33501507265e-15 0.300705799504
0.258819045103 3.57179552523e-15 -0.965925826289
2.73580141731e-15            1 4.43085060899e-15
0.965925826289 -3.78936976819e-15 0.258819045103
0.216439613938 3.9005462519e-15 -0.97629600712
2.08953287475e-15           1 4.45848790621e-15
0.97629600712 -3.00499600353e-15 0.216439613938
0.173648177667 4.19635265435e-15 -0.984807753012
2.23100011383e-15            1 4.65447367211e-15
0.984807753012 -3.00534708023e-15 0.173648177667
0.13052619222 4.40670386303e-15 -0.991444861374
2.06002770638e-15            1 4.7159369296e-15
0.991444861374 -2.65795717395e-15 0.13052619222
0.0871557427477 4.82694262158e-15 -0.996194698092
4.07350589705e-15            1 5.20176634503e-15
0.996194698092 -4.51136878669e-15 0.0871557427477
0.0436193873654 4.87752683562e-15 -0.999048221582
3.63542392816e-15            1 5.04089961964e-15
0.999048221582 -3.85184476331e-15 0.0436193873654
1.74305014866e-14 5.07042040678e-15          -1
3.07940397263e-15           1 5.07042040678e-15
          1 -3.07940397263e-15 1.74305014866e-14
-0.0436193873653 5.08294096404e-15 -0.999048221582
4.07557655072e-15            1 4.90983989138e-15
0.999048221582 -3.85753329679e-15 -0.0436193873653
-0.0871557427476 5.34432980083e-15 -0.996194698092
3.48549912582e-15            1 5.05980261221e-15
0.996194698092 -3.03124489452e-15 -0.0871557427476
-0.13052619222 5.42715721016e-15 -0.991444861374
3.99000206674e-15            1 4.94869419832e-15
0.991444861374 -3.30993283578e-15 -0.13052619222
-0.173648177667 5.64837279586e-15 -0.984807753012
3.31880672696e-15            1 5.15031288105e-15
0.984807753012 -2.37404414925e-15 -0.173648177667
-0.216439613938 5.78179664863e-15 -0.97629600712
3.66096578949e-15            1 5.11055928747e-15
0.97629600712 -2.4680588033e-15 -0.216439613938
-0.258819045103 6.40509711369e-15 -0.965925826289
3.509933292e-15            1 5.69056068394e-15
0.965925826289 -1.91750973298e-15 -0.258819045103
-0.300705799504 6.46810638876e-15 -0.953716950748
2.87025939506e-15            1 5.8770086221e-15
0.953716950748 -9.70164461707e-16 -0.300705799504
-0.342020143326 6.56961522865e-15 -0.939692620786
3.68877129225e-15            1 5.64863554866e-15
0.939692620786 -1.53436402315e-15 -0.342020143326
-0.382683432365 6.6369523463e-15 -0.923879532511
3.97339158796e-15            1 5.537952769e-15
0.923879532511 -1.55165238886e-15 -0.382683432365
-0.422618261741 6.5968633713e-15 -0.906307787037
6.34856034231e-15            1 4.31845107242e-15
0.906307787037 -3.92869338906e-15 -0.422618261741
-0.461748613235 6.55615183666e-15 -0.887010833178
7.60607485656e-15            1 3.43181526721e-15
0.887010833178 -5.16203485523e-15 -0.461748613235
       -0.5 6.61815753451e-15 -0.866025403784
7.91235015614e-15           1 3.07379257561e-15
0.866025403784 -5.31539995105e-15        -0.5
-0.537299608347 6.95867189423e-15 -0.843391445813
8.12423169175e-15            1 3.07511464695e-15
0.843391445813 -5.1996496172e-15 -0.537299608347
-0.573576436351 7.46192848532e-15 -0.819152044289
8.12230868046e-15            1 3.42203091232e-15
0.819152044289 -4.69060946417e-15 -0.573576436351
-0.608761429009 7.87969992368e-15 -0.793353340291
8.25121175604e-15            1 3.60076692054e-15
0.793353340291 -4.35411839203e-15 -0.608761429009
-0.642787609687 8.5145659695e-15 -0.766044443119
8.17284693543e-15            1 4.2571436329e-15
0.766044443119 -3.52432479947e-15 -0.642787609687
-0.675590207616 8.54399851072e-15 -0.73727733681
9.09429111848e-15            1 3.25519904932e-15
0.73727733681 -4.50583413445e-15 -0.675590207616
-0.707106781187 8.52428612378e-15 -0.707106781187
1.03297315786e-14            1 1.72542946723e-15
0.707106781187 -6.08416037031e-15 -0.707106781187
-0.73727733681 8.39780137463e-15 -0.675590207616
9.98679088869e-15            1 1.53164858412e-15
0.675590207616 -5.61772834087e-15 -0.73727733681
-0.766044443119 8.48924479096e-15 -0.642787609687
1.12098645815e-14            1 -1.52475994131e-16
0.642787609687 -7.32236544725e-15 -0.766044443119
-0.793353340291 8.60105139808e-15 -0.608761429009
1.07813820158e-14            1 7.82013455612e-17
0.608761429009 -6.50124822393e-15 -0.793353340291
-0.819152044289 9.45466468342e-15 -0.573576436351
1.01446892325e-14            1 1.99558713963e-15
0.573576436351 -4.18406541286e-15 -0.819152044289
-0.843391445813 9.28966142637e-15 -0.537299608347
9.83588480714e-15           1 1.85029042007e-15
0.537299608347 -3.72429794206e-15 -0.843391445813
-0.866025403784 9.50342442134e-15         -0.5
9.67558561944e-15            1 2.24824295682e-15
         0.5 -2.89075729523e-15 -0.866025403784
-0.887010833178 9.61304872575e-15 -0.461748613235
9.91590295793e-15            1 1.77052049078e-15
0.461748613235 -3.00818358411e-15 -0.887010833178
-0.906307787037 9.75519751633e-15 -0.422618261741
1.02390448293e-14            1 1.12506131134e-15
0.422618261741 -3.30755550027e-15 -0.906307787037
-0.923879532511 1.01653711903e-14 -0.382683432365
1.06928911615e-14            1 7.48472179824e-16
0.382683432365 -3.400494164e-15 -0.923879532511
-0.939692620786 1.04945919244e-14 -0.342020143326
1.10842381549e-14            1 2.30440004071e-16
0.342020143326 -3.57448995104e-15 -0.939692620786
-0.953716950748 1.04498739241e-14 -0.300705799504
1.13365738e-14            1 -1.20386328776e-15
0.300705799504 -4.55711831209e-15 -0.953716950748
-0.965925826289 1.06912137043e-14 -0.258819045103
1.11866549861e-14            1 -4.41487049314e-16
0.258819045103 -3.3217631043e-15 -0.965925826289
-0.97629600712 1.07886674633e-14 -0.216439613938
1.11938135611e-14            1 -6.45944697207e-16
0.216439613938 -3.05341791437e-15 -0.97629600712
-0.984807753012 1.08748247658e-14 -0.173648177667
1.12517778617e-14            1 -1.18638335455e-15
0.173648177667 -3.12221024679e-15 -0.984807753012
-0.991444861374 1.11247758067e-14 -0.13052619222
1.14424355403e-14            1 -1.68370889845e-15
0.13052619222 -3.16284207621e-15 -0.991444861374
-0.996194698092 1.12451839875e-14 -0.0871557427477
1.1407678147e-14            1 -1.36634140617e-15
0.0871557427477 -2.35538672654e-15 -0.996194698092
-0.999048221582 1.13735557014e-14 -0.0436193873654
1.143334459e-14            1 -1.1212188194e-15
0.0436193873654 -1.61886715408e-15 -0.999048221582
          -1 1.14118295231e-14 -2.37240782575e-14
1.14118295231e-14            1 -4.13584122505e-16
2.37240782575e-14 -4.13584122506e-16           -1
-0.999048221582 1.1295293606e-14 0.0436193873653
1.12996218005e-14            1 -1.47332231696e-16
-0.0436193873653 3.45690576338e-16 -0.999048221582
-0.996194698092 1.13828573209e-14 0.0871557427476
1.14587830746e-14           1 3.70849051828e-16
-0.0871557427476 1.36813660907e-15 -0.996194698092
-0.991444861374 1.14296532046e-14 0.13052619222
1.16571997302e-14           1 9.79248407926e-16
-0.13052619222 2.49244069478e-15 -0.991444861374
-0.984807753012 1.10807192753e-14 0.173648177667
1.11363362218e-14            1 -6.54017942815e-16
-0.173648177667 1.28972255011e-15 -0.984807753012
-0.97629600712 1.09620902749e-14 0.216439613938
1.09111965133e-14            1 -1.43011106187e-15
-0.216439613938 9.65403441486e-16 -0.97629600712
-0.965925826289 1.06573237915e-14 0.258819045102
1.06948920493e-14            1 -1.26285664797e-15
-0.258819045102 1.54821589649e-15 -0.965925826289
-0.953716950748 1.03249254284e-14 0.300705799504
1.0805172371e-14            1 -6.60093100585e-17
-0.300705799504 3.1862237987e-15 -0.953716950748
-0.939692620786 1.07888596215e-14 0.342020143326
1.13522934881e-14            1 -3.54345216509e-16
-0.342020143326 3.54973746069e-15 -0.939692620786
-0.923879532511 1.12173189688e-14 0.382683432365
1.19614226654e-14            1 -4.34838235612e-16
-0.382683432365 4.17570013574e-15 -0.923879532511
-0.906307787037 1.13406819551e-14 0.422618261741
1.27966008374e-14           1 6.08059458581e-16
-0.422618261741 5.95916622438e-15 -0.906307787037
-0.887010833178 1.03978016121e-14 0.461748613235
1.21006621703e-14           1 7.26838829582e-16
-0.461748613235 6.2321778922e-15 -0.887010833178
-0.866025403784 1.01416197897e-14         0.5
1.26506822234e-14           1 1.62838478182e-15
       -0.5 7.73556369987e-15 -0.866025403784
-0.843391445813 9.8424135616e-15 0.537299608347
1.23671004563e-14           1 1.09416266763e-15
-0.537299608347 7.56764566578e-15 -0.843391445813
-0.819152044289 9.4624260502e-15 0.573576436351
1.24867006726e-14           1 1.33562030035e-15
-0.573576436351 8.256153373e-15 -0.819152044289
-0.793353340291 9.53387438066e-15 0.608761429009
1.25526001433e-14           1 6.97765745484e-16
-0.608761429009 8.19511358591e-15 -0.793353340291
-0.766044443119 8.92485345093e-15 0.642787609687
1.17387177861e-14           1 1.05051929165e-16
-0.642787609687 7.62597679308e-15 -0.766044443119
-0.73727733681 8.76059754194e-15 0.675590207616
1.17662073045e-14            1 -1.26762577612e-16
-0.675590207616 7.85567526006e-15 -0.73727733681
-0.707106781187 7.91510011158e-15 0.707106781187
1.23121466335e-14          1 1.1185047082e-15
-0.707106781187 9.4969046395e-15 -0.707106781187
-0.675590207616 7.8462162597e-15 0.73727733681
1.2252338256e-14           1 5.850491598e-16
-0.73727733681 9.42862480241e-15 -0.675590207616
-0.642787609687 7.46091090857e-15 0.766044443119
1.20749614431e-14           1 3.92568208282e-16
-0.766044443119 9.50229509461e-15 -0.642787609687
-0.608761429009 7.35723177642e-15 0.793353340291
1.19104911835e-14            1 -1.34346372482e-16
-0.793353340291 9.36744307524e-15 -0.608761429009
-0.573576436351 6.9967409012e-15 0.819152044289
1.19580158354e-14            1 -1.6835066632e-16
-0.819152044289 9.698871142e-15 -0.573576436351
-0.537299608347 6.65869521187e-15 0.843391445813
1.15581242199e-14            1 -5.31804771702e-16
-0.843391445813 9.46228460115e-15 -0.537299608347
        -0.5 6.56653557536e-15 0.866025403784
1.1860027027e-14            1 -7.34992367534e-16
-0.866025403784 9.90358851116e-15         -0.5
-0.461748613235 6.08267094872e-15 0.887010833178
1.17888136408e-14            1 -7.20625469794e-16
-0.887010833178 1.01240575984e-14 -0.461748613235
-0.422618261741 5.68429832876e-15 0.906307787037
1.18954395096e-14            1 -7.24994720311e-16
-0.906307787037 1.04745334493e-14 -0.422618261741
-0.382683432365 5.04481538899e-15 0.923879532511
1.10993096244e-14            1 -8.6298424956e-16
-0.923879532511 9.92417521228e-15 -0.382683432365
-0.342020143326 4.72349446027e-15 0.939692620786
1.18081189263e-14            1 -7.28834001205e-16
-0.939692620786 1.08467263108e-14 -0.342020143326
-0.300705799504 3.84485551438e-15 0.953716950748
1.07059149241e-14            1 -6.55880979381e-16
-0.953716950748 1.00131853221e-14 -0.300705799504
-0.258819045103 3.43942433848e-15 0.965925826289
1.07022992147e-14            1 -6.93081660225e-16
-0.965925826289 1.01582444787e-14 -0.258819045103
-0.216439613938 2.93447347447e-15 0.97629600712
9.50567390028e-15            1 -8.98363896678e-16
-0.97629600712 9.08590993885e-15 -0.216439613938
-0.173648177667 2.49377699225e-15 0.984807753012
8.86858062066e-15            1 -9.68477478032e-16
-0.984807753012 8.56567260427e-15 -0.173648177667
-0.13052619222 2.12047537875e-15 0.991444861374
8.11532437525e-15            1 -1.07037015447e-15
-0.991444861374 7.90618530969e-15 -0.13052619222
-0.0871557427477 1.77894150592e-15 0.996194698092
9.13944216721e-15            1 -9.86139192895e-16
-0.996194698092 9.01871613668e-15 -0.0871557427477
-0.0436193873654 1.33677345234e-15 0.999048221582
9.38604323852e-15            1 -9.28243478596e-16
-0.999048221582 9.33662039327e-15 -0.0436193873654
-2.02060590482e-14 1.00696798934e-15            1
9.59602694208e-15            1 -1.00696798934e-15
          -1 9.59602694208e-15 -2.02060590482e-14
0.0436193873653 5.33694956944e-16 0.999048221582
9.63534533848e-15            1 -9.54891662938e-16
-0.999048221582 9.66782641407e-15 0.0436193873653
0.0871557427476 1.8536181249e-16 0.996194698092
1.00592906278e-14            1 -1.06614375755e-15
-0.996194698092 1.01139325411e-14 0.0871557427476
0.13052619222 -1.62022489966e-16 0.991444861374
8.45913131134e-15            1 -9.50245188913e-16
-0.991444861374 8.5107941565e-15 0.13052619222
0.173648177667 -1.29663914306e-16 0.984807753012
8.35330529968e-15            1 -1.34124891324e-15
-0.984807753012 8.45930525198e-15 0.173648177667
0.216439613938 -6.48715308889e-16 0.97629600712
9.51447778165e-15            1 -1.44484314051e-15
-0.97629600712 9.60166795959e-15 0.216439613938
0.258819045103 -1.02017068002e-15 0.965925826289
7.89400874208e-15            1 -1.0590348625e-15
-0.965925826289 7.89912530877e-15 0.258819045103
0.300705799504 -2.17018047517e-15 0.953716950748
8.18593269829e-15            1 -3.05517230592e-16
-0.953716950748 7.89893357513e-15 0.300705799504
0.342020143326 -2.43092094714e-15 0.939692620786
7.9264355118e-15            1 -2.9805455153e-16
-0.939692620786 7.55035362e-15 0.342020143326
0.382683432365 -2.71051053626e-15 0.923879532511
7.07544983994e-15            1 3.08817966556e-18
-0.923879532511 6.53568149524e-15 0.382683432365
0.422618261741 -2.83566748204e-15 0.906307787037
8.54725564164e-15            1 -8.56837876706e-16
-0.906307787037 8.10855967986e-15 0.422618261741
0.461748613235 -2.8768054127e-15 0.887010833178
8.22544416622e-15            1 -1.03863672217e-15
-0.887010833178 7.77564714925e-15 0.461748613235
         0.5 -3.37874775148e-15 0.866025403784
8.26449045996e-15            1 -8.7006394409e-16
-0.866025403784 7.5922906597e-15          0.5
0.537299608347 -3.51226256305e-15 0.843391445813
8.15774096094e-15            1 -1.03260290886e-15
-0.843391445813 7.43498608212e-15 0.537299608347
0.573576436351 -3.5856872141e-15 0.819152044289
7.97468754073e-15            1 -1.20662049667e-15
-0.819152044289 7.22457068606e-15 0.573576436351
0.608761429009 -3.6934008539e-15 0.793353340291
7.24819102122e-15            1 -9.06302694389e-16
-0.793353340291 6.30209868111e-15 0.608761429009
0.642787609687 -3.41425799942e-15 0.766044443119
6.08986595237e-15            1 -6.53006994454e-16
-0.766044443119 5.08485277723e-15 0.642787609687
0.675590207616 -3.4811437466e-15 0.73727733681
6.96168587254e-15            1 -1.65758934442e-15
-0.73727733681 6.25254434915e-15 0.675590207616
0.707106781187 -3.8260060415e-15 0.707106781187
6.53525308549e-15            1 -1.12446345188e-15
-0.707106781187 5.41623750554e-15 0.707106781187
0.73727733681 -3.79926574024e-15 0.675590207616
5.94451518864e-15            1 -8.63675316909e-16
-0.675590207616 4.65282448798e-15 0.73727733681
0.766044443119 -4.28173502002e-15 0.642787609687
6.1172745277e-15            1 -6.29086704325e-16
-0.642787609687 4.41401664554e-15 0.766044443119
0.793353340291 -4.93823022685e-15 0.608761429009
6.18231759234e-15            1 5.49770610125e-17
-0.608761429009 3.7199402571e-15 0.793353340291
0.819152044289 -5.09160391417e-15 0.573576436351
6.433780001e-15           1 -3.11449555525e-16
-0.573576436351 3.94538914534e-15 0.819152044289
0.843391445813 -4.83797744254e-15 0.537299608347
5.97185002164e-15            1 -3.69681604639e-16
-0.537299608347 3.52045898076e-15 0.843391445813
0.866025403784 -4.59260149165e-15          0.5
5.50274931463e-15            1 -3.45838410948e-16
        -0.5 3.0508795068e-15 0.866025403784
0.887010833178 -4.69895997682e-15 0.461748613235
5.89145862168e-15            1 -1.14094039209e-15
-0.461748613235 3.73239933628e-15 0.887010833178
0.906307787037 -4.19827490437e-15 0.422618261741
5.43815621922e-15            1 -1.72819892171e-15
-0.422618261741 3.86454426873e-15 0.906307787037
0.923879532511 -4.53951805075e-15 0.382683432365
5.473379093e-15            1 -1.35157371132e-15
-0.382683432365 3.34326278651e-15 0.923879532511
0.939692620786 -4.68409450587e-15 0.342020143326
5.52431832682e-15            1 -1.48256373378e-15
-0.342020143326 3.28258234639e-15 0.939692620786
0.953716950748 -4.61206220784e-15 0.300705799504
5.50422751111e-15            1 -2.11972257045e-15
-0.300705799504 3.6767684807e-15 0.953716950748
0.965925826289 -5.15862131612e-15 0.258819045103
5.73823712441e-15            1 -1.484010265e-15
-0.258819045103 2.91860889455e-15 0.965925826289
0.97629600712 -5.18381738082e-15 0.216439613938
5.74221636644e-15            1 -1.95105471717e-15
-0.216439613938 3.14765002355e-15 0.97629600712
0.984807753012 -5.41066678402e-15 0.173648177667
6.03471923014e-15            1 -3.06580528644e-15
-0.173648177667 4.06714681236e-15 0.984807753012
0.991444861374 -5.45212781038e-15 0.13052619222
5.6417287145e-15            1 -1.08281051084e-15
-0.13052619222 1.80994028345e-15 0.991444861374
0.996194698092 -5.80495690732e-15 0.0871557427477
5.92525640197e-15            1 -1.12157962372e-15
-0.0871557427477 1.63373179732e-15 0.996194698092
0.999048221582 -6.14058818658e-15 0.0436193873653
6.25217131274e-15            1 -2.42168564987e-15
-0.0436193873653 2.69209662409e-15 0.999048221582
