1 0 0
0 1 0
0 0 1
0.984624440258 -0.00235423464727 -0.174668741408
0.00186672754722 0.999993890811 -0.00295527805579
0.174674631742 0.00258378005026 0.984622819717
0.939699324249 -0.00376676412985 -0.341980981186
0.00248416935055 0.999988143106 -0.00418838264844
0.341992703004 0.0030862816725 0.939697539615
0.865838762522 -0.00699974661724 -0.500274165694
0.00335339468918 0.999960859375 -0.00818745762969
0.50031189478 0.00541140145192 0.865828345965
0.764618703269 -0.0082076600911 -0.644430657967
0.00781749497996 0.999963455698 -0.00346035255453
0.644435509096 -0.00239198315049 0.764654924154
0.642981307186 -0.00920808134583 -0.765826514197
0.00754255205531 0.999955362955 -0.00569051901894
0.765844728727 -0.00211738899131 0.643022058833
0.499848688502 -0.0135272809703 -0.866007102322
0.0123258734903 0.999887869476 -0.00850419405419
0.866025035115 -0.00642348374021 0.49995937576
0.334131987987 -0.0128437422342 -0.942438779385
0.00876295153343 0.999906264631 -0.01052010605
0.942485557069 -0.00474344139864 0.334213217093
0.16059762366 -0.0121431542324 -0.986945260427
0.0124558211345 0.999869626479 -0.010275337669
0.986941363909 -0.0106430188215 0.160727938939
-0.00840914868907 -0.00718021553511 -0.999938863493
0.00909989997994 0.999932263803 -0.00725669523561
0.999923236073 -0.00916036627306 -0.00834323984212
-0.178941674209 -0.00395454978933 -0.983851736171
0.0110230740982 0.999921098504 -0.00602400228165
0.983797931015 -0.0119230156432 -0.178883964148
-0.347751654603 -0.00386609436912 -0.937578711381
0.00842178007925 0.99993827609 -0.00724690483417
0.937548857575 -0.0104162048611 -0.347697630615
-0.503587960528 -0.00308136033769 -0.863938464955
0.00632711799329 0.999953668525 -0.00725454216268
0.86392079127 -0.00911954069898 -0.503545132425
-0.642192180948 -0.00417741971819 -0.766532290183
0.00222396100714 0.999970787948 -0.00731281399166
0.766540446895 -0.00640096989026 -0.642164130778
-0.766761336065 -0.000731709640635 -0.641931864077
-6.07326360866e-05 0.999999428578 -0.0010673123172
0.641932278226 -0.00077938760404 -0.766760942359
-0.867790910641 -0.00209485393568 -0.496925091937
-0.000635654750591 0.999994975724 -0.00310555458103
0.496929100931 -0.00237909924254 -0.867787882224
-0.941184143953 -0.0019298139258 -0.337888565936
-0.000831156000793 0.999993887543 -0.00339618263678
0.337893054607 -0.00291559513853 -0.941179994982
-0.986843018576 0.00216546684278 -0.161666840883
0.00333768994047 0.99997007188 -0.00697962535378
0.161646888352 -0.00742738834118 -0.986820711877
-0.999865535763 0.00309842482051 0.016103110192
0.00300335505715 0.999977938961 -0.00592464757447
-0.0161211120158 -0.00587548756382 -0.99985278336
-0.981428976192 0.00129928892053 0.191821470487
0.000415521694925 0.999989114481 -0.00464739292842
-0.191825420716 -0.00448138010116 -0.981418832711
-0.932244015543 0.00298246237946 0.361817910561
0.00104844796304 0.999984096269 -0.00554147694047
-0.361828683553 -0.0047866614637 -0.932232316341
-0.851225542058 -0.00165658754552 0.524797420217
-0.0030646743333 0.999993657982 -0.00181432300255
-0.524791086357 -0.00315273126524 -0.851225220471
-0.74502100711 0.00276568381844 0.667035268901
0.00155529704065 0.999995888676 -0.00240908323015
-0.667039189265 -0.000757379634609 -0.745022245547
-0.618739297013 0.00255698540586 0.785592225112
0.00198412583811 0.999996599973 -0.00169212479871
-0.785593880816 0.000511729723648 -0.618742266664
-0.47379085261 0.00148875390997 0.880636140296
-6.62368766022e-05 0.999998507961 -0.00172617729999
-0.880637396205 -0.000876177602077 -0.473790047085
-0.310157783922 -0.00111459157054 0.95068444121
-0.00393110098649 0.999992267131 -0.000110108690389
-0.950676966965 -0.00377138761208 -0.310159767084
-0.140876168786 -0.002143072981 0.990024904892
0.00201045355361 0.999994975978 0.00245073350814
-0.990025183086 0.00233564903555 -0.140871152472
0.0315159557812 0.000782356694584 0.999502942692
0.00485697656376 0.999987766875 -0.000935884570796
-0.999491447842 0.00488405766482 0.0315117703544
0.199661133768 0.00116086253314 0.97986431921
0.00219651069297 0.999996255489 -0.00163228313371
-0.979862544954 0.00247818595591 0.199657836288
0.365319103701 -0.000613447685292 0.930882149444
0.00407391852208 0.999991259949 -0.000939794516237
-0.930873436971 0.00413566292083 0.365318409929
0.521691778076 0.000247858490744 0.853134003105
0.00419284795507 0.999987135984 -0.00285445146754
-0.853123735875 0.00506620502186 0.521684027792
0.658157983827 -0.00125082244908 0.752878810811
0.00660950780768 0.999969683465 -0.00411661977972
-0.752850836973 0.00768554455269 0.658146298078
0.782089672197 -0.000854108469588 0.623165319271
0.00560900151903 0.999968200841 -0.00566889834923
-0.623140661284 0.00792892207406 0.782069593099
0.879462949824 -0.00349435469974 0.475954524478
0.00671354416737 0.999964643101 -0.00506368168189
-0.475920001902 0.00764866215067 0.879455314247
0.950038887453 -0.000362094833891 0.312131352503
0.00237934168589 0.999978673833 -0.00608199080648
-0.31212249368 0.00652079491776 0.950019488312
0.989782500013 -0.00111340934033 0.142581075137
0.00188015079905 0.999984488029 -0.00524296992718
-0.142573025852 0.00545747380436 0.989769239914
