1 0 0
0 1 0
0 0 1
0.984807753012        -0 -0.173648177667
        0         1        -0
0.173648177667         0 0.984807753012
0.939692620786       -0 -0.342020143326
       0        1       -0
0.342020143326        0 0.939692620786
0.866025403784       -0     -0.5
       0        1       -0
     0.5        0 0.866025403784
0.766044443119        -0 -0.642787609687
        0         1        -0
0.642787609687         0 0.766044443119
0.642787609687        -0 -0.766044443119
        0         1        -0
0.766044443119         0 0.642787609687
      0.5        -0 -0.866025403784
        0         1        -0
0.866025403784         0       0.5
0.342020143326        -0 -0.939692620786
        0         1        -0
0.939692620786         0 0.342020143326
0.173648177667        -0 -0.984807753012
        0         1        -0
0.984807753012         0 0.173648177667
2.22044604925e-16          -0          -1
          0           1          -0
          1           0 2.22044604925e-16
-0.173648177667        -0 -0.984807753012
        0         1        -0
0.984807753012         0 -0.173648177667
-0.342020143326        -0 -0.939692620786
        0         1        -0
0.939692620786         0 -0.342020143326
     -0.5        -0 -0.866025403784
        0         1        -0
0.866025403784         0      -0.5
-0.642787609687         0 -0.766044443119
        0         1         0
0.766044443119         0 -0.642787609687
-0.766044443119         0 -0.642787609687
        0         1         0
0.642787609687         0 -0.766044443119
-0.866025403784         0      -0.5
        0         1         0
      0.5         0 -0.866025403784
-0.939692620786         0 -0.342020143326
        0         1         0
0.342020143326         0 -0.939692620786
-0.984807753012         0 -0.173648177667
        0         1         0
0.173648177667         0 -0.984807753012
          -1            0 -1.22464679915e-16
           0            1            0
1.22464679915e-16            0           -1
-0.984807753012         0 0.173648177667
        0         1         0
-0.173648177667         0 -0.984807753012
-0.939692620786         0 0.342020143326
        0         1         0
-0.342020143326         0 -0.939692620786
-0.866025403784         0       0.5
        0         1         0
     -0.5         0 -0.866025403784
-0.766044443119         0 0.642787609687
        0         1         0
-0.642787609687         0 -0.766044443119
-0.642787609687         0 0.766044443119
        0         1         0
-0.766044443119         0 -0.642787609687
    -0.5        0 0.866025403784
       0        1        0
-0.866025403784        0     -0.5
-0.342020143326        0 0.939692620786
       0        1        0
-0.939692620786        0 -0.342020143326
-0.173648177667         0 0.984807753012
        0         1         0
-0.984807753012         0 -0.173648177667
-2.22044604925e-16            0            1
           0            1            0
          -1            0 -2.22044604925e-16
0.173648177667        0 0.984807753012
       0        1        0
-0.984807753012        0 0.173648177667
0.342020143326        0 0.939692620786
       0        1        0
-0.939692620786        0 0.342020143326
     0.5        0 0.866025403784
       0        1        0
-0.866025403784        0      0.5
0.642787609687        0 0.766044443119
       0        1        0
-0.766044443119        0 0.642787609687
0.766044443119        0 0.642787609687
       0        1        0
-0.642787609687        0 0.766044443119
0.866025403784        0      0.5
       0        1        0
    -0.5        0 0.866025403784
0.939692620786        0 0.342020143326
       0        1        0
-0.342020143326        0 0.939692620786
0.984807753012        0 0.173648177667
       0        1        0
-0.173648177667        0 0.984807753012
