1 0 0
0 1 0
0 0 1
0.984807753012 1.06250632965e-16 -0.173648177667
-8.80383963447e-17            1 1.12582452315e-16
0.173648177667 -9.55843648026e-17 0.984807753012
0.939692620786 1.47472387098e-16 -0.342020143326
-1.19457577862e-16            1 1.0297341654e-16
0.342020143326 -5.59064617583e-17 0.939692620786
0.866025403784 7.4900831674e-18         -0.5
-5.52321615834e-17            1 -8.06847437394e-17
         0.5 9.74911185679e-17 0.866025403784
0.766044443119 4.57003608209e-17 -0.642787609687
-2.31002712515e-16            1 -2.04201172314e-16
0.642787609687 3.04912854738e-16 0.766044443119
0.642787609687 1.73161751069e-16 -0.766044443119
-2.31002712515e-16           1 3.22123212066e-17
0.766044443119 1.56252663317e-16 0.642787609687
         0.5 1.0670620468e-16 -0.866025403784
-2.21638463573e-17            1 1.10417409332e-16
0.866025403784 -3.6014250675e-17          0.5
0.342020143326 -1.03420803614e-16 -0.939692620786
1.47788260624e-16            1 -5.6267592576e-17
0.939692620786 -1.1963088787e-16 0.342020143326
0.173648177667 -3.28528134705e-17 -0.984807753012
3.28061415053e-16            1 2.448645773e-17
0.984807753012 -3.27329453771e-16 0.173648177667
2.22044604925e-16 -6.30449065563e-18           -1
2.9579524375e-16            1 -6.30449065563e-18
           1 -2.9579524375e-16 2.22044604925e-16
-0.173648177667 4.47867880338e-17 -0.984807753012
3.11255986395e-16            1 -9.40513187811e-18
0.984807753012 -3.08160492585e-16 -0.173648177667
-0.342020143326 8.41954021621e-17 -0.939692620786
3.1269647472e-16            1 -2.42133336325e-17
0.939692620786 -3.0212001768e-16 -0.342020143326
        -0.5 1.22764482053e-16 -0.866025403784
4.92976444691e-16            1 -1.42863869526e-16
0.866025403784 -4.98362059332e-16         -0.5
-0.642787609687 1.57076657126e-16 -0.766044443119
5.47669832571e-16            1 -2.5450054132e-16
0.766044443119 -5.83129226524e-16 -0.642787609687
-0.766044443119 2.58204935129e-16 -0.642787609687
5.40281910898e-16            1 -2.42187338533e-16
0.642787609687 -5.3281278294e-16 -0.766044443119
-0.866025403784 1.06261897184e-16         -0.5
3.95802581952e-16            1 -4.73026387339e-16
         0.5 -6.07554159072e-16 -0.866025403784
-0.939692620786 1.64222863985e-16 -0.342020143326
3.09780061718e-16            1 -3.70958192239e-16
0.342020143326 -4.54537696975e-16 -0.939692620786
-0.984807753012 2.88361701399e-16 -0.173648177667
3.6817619655e-16            1 -4.27422115425e-16
0.173648177667 -4.8486173867e-16 -0.984807753012
          -1 3.26542833126e-16 3.60822483003e-16
3.26542833126e-16            1 -4.31064562749e-16
-3.60822483003e-16 -4.31064562749e-16           -1
-0.984807753012 3.90668281268e-16 0.173648177667
3.32310041389e-16            1 -3.65145070661e-16
-0.173648177667 -3.01892663454e-16 -0.984807753012
-0.939692620786 4.12351133329e-16 0.342020143326
3.51303927301e-16            1 -2.40434450414e-16
-0.342020143326 -1.0578145927e-16 -0.939692620786
-0.866025403784 4.79010280129e-16          0.5
3.0654426941e-16            1 -4.2707031087e-16
        -0.5 -2.16581603711e-16 -0.866025403784
-0.766044443119 5.49762826011e-16 0.642787609687
4.38657764703e-16            1 -3.32507160543e-16
-0.642787609687 2.7248513413e-17 -0.766044443119
-0.642787609687 6.6207847158e-16 0.766044443119
5.69177714251e-16            1 -3.86685252808e-16
-0.766044443119 1.87458935796e-16 -0.642787609687
        -0.5 6.61450619997e-16 0.866025403784
7.62897011524e-16            1 -3.23318592055e-16
-0.866025403784 4.99028896424e-16         -0.5
-0.342020143326 4.09055201685e-16 0.939692620786
7.29699480628e-16            1 -1.69718562441e-16
-0.939692620786 6.27646050286e-16 -0.342020143326
-0.173648177667 2.68523863778e-16 0.984807753012
6.95576132097e-16            1 -1.50017437981e-16
-0.984807753012 6.58958512975e-16 -0.173648177667
4.4408920985e-16 1.64587227277e-16            1
5.29042678403e-16            1 -1.64587227277e-16
          -1 5.29042678403e-16 4.4408920985e-16
0.173648177667 1.05331313732e-16 0.984807753012
5.21236816074e-16            1 -1.9886433304e-16
-0.984807753012 5.4785048666e-16 0.173648177667
0.342020143326 9.32485855787e-17 0.939692620786
1.83867754056e-16            1 -1.66155461606e-16
-0.939692620786 2.2960768648e-16 0.342020143326
         0.5 4.0511484108e-17 0.866025403784
1.64503981301e-16            1 -1.41755050397e-16
-0.866025403784 2.13342152029e-16          0.5
0.642787609687 -1.54507623417e-17 0.766044443119
2.44671139241e-16            1 -1.8513392491e-16
-0.766044443119 3.06430759672e-16 0.642787609687
0.766044443119 2.39142602577e-16 0.642787609687
2.15119452551e-16            1 -6.28409225261e-16
-0.642787609687 6.19665513718e-16 0.766044443119
0.866025403784 1.35607960277e-16          0.5
1.64430492904e-16            1 -5.56017888577e-16
        -0.5 5.63740862918e-16 0.866025403784
0.939692620786 6.55323871801e-17 0.342020143326
3.32229290381e-17            1 -2.82883129331e-16
-0.342020143326 2.77186100128e-16 0.939692620786
0.984807753012 -4.51779549647e-17 0.173648177667
1.05075182118e-16            1 -3.35741496499e-16
-0.173648177667 3.48886942652e-16 0.984807753012
