1 0 0
0 1 0
0 0 1
0.999048221582         -0 -0.0436193873653
         0          1         -0
0.0436193873653          0 0.999048221582
0.996194698092         -0 -0.0871557427477
         0          1         -0
0.0871557427477          0 0.996194698092
0.991444861374        -0 -0.13052619222
        0         1        -0
0.13052619222         0 0.991444861374
0.984807753012        -0 -0.173648177667
        0         1        -0
0.173648177667         0 0.984807753012
0.97629600712       -0 -0.216439613938
       0        1       -0
0.216439613938        0 0.97629600712
0.965925826289        -0 -0.258819045103
        0         1        -0
0.258819045103         0 0.965925826289
0.953716950748        -0 -0.300705799504
        0         1        -0
0.300705799504         0 0.953716950748
0.939692620786       -0 -0.342020143326
       0        1       -0
0.342020143326        0 0.939692620786
0.923879532511        -0 -0.382683432365
        0         1        -0
0.382683432365         0 0.923879532511
0.906307787037        -0 -0.422618261741
        0         1        -0
0.422618261741         0 0.906307787037
0.887010833178        -0 -0.461748613235
        0         1        -0
0.461748613235         0 0.887010833178
0.866025403784       -0     -0.5
       0        1       -0
     0.5        0 0.866025403784
0.843391445813       -0 -0.537299608347
       0        1       -0
0.537299608347        0 0.843391445813
0.819152044289        -0 -0.573576436351
        0         1        -0
0.573576436351         0 0.819152044289
0.793353340291        -0 -0.608761429009
        0         1        -0
0.608761429009         0 0.793353340291
0.766044443119        -0 -0.642787609687
        0         1        -0
0.642787609687         0 0.766044443119
0.73727733681       -0 -0.675590207616
       0        1       -0
0.675590207616        0 0.73727733681
0.707106781187        -0 -0.707106781187
        0         1        -0
0.707106781187         0 0.707106781187
0.675590207616        -0 -0.73727733681
        0         1        -0
0.73727733681         0 0.675590207616
0.642787609687        -0 -0.766044443119
        0         1        -0
0.766044443119         0 0.642787609687
0.608761429009        -0 -0.793353340291
        0         1        -0
0.793353340291         0 0.608761429009
0.573576436351        -0 -0.819152044289
        0         1        -0
0.819152044289         0 0.573576436351
0.537299608347        -0 -0.843391445813
        0         1        -0
0.843391445813         0 0.537299608347
      0.5        -0 -0.866025403784
        0         1        -0
0.866025403784         0       0.5
0.461748613235        -0 -0.887010833178
        0         1        -0
0.887010833178         0 0.461748613235
0.422618261741        -0 -0.906307787037
        0         1        -0
0.906307787037         0 0.422618261741
0.382683432365       -0 -0.923879532511
       0        1       -0
0.923879532511        0 0.382683432365
0.342020143326        -0 -0.939692620786
        0         1        -0
0.939692620786         0 0.342020143326
0.300705799504        -0 -0.953716950748
        0         1        -0
0.953716950748         0 0.300705799504
0.258819045103        -0 -0.965925826289
        0         1        -0
0.965925826289         0 0.258819045103
0.216439613938        -0 -0.97629600712
        0         1        -0
0.97629600712         0 0.216439613938
0.173648177667        -0 -0.984807753012
        0         1        -0
0.984807753012         0 0.173648177667
0.13052619222        -0 -0.991444861374
        0         1        -0
0.991444861374         0 0.13052619222
0.0871557427477        -0 -0.996194698092
        0         1        -0
0.996194698092         0 0.0871557427477
0.0436193873653        -0 -0.999048221582
        0         1        -0
0.999048221582         0 0.0436193873653
2.22044604925e-16          -0          -1
          0           1          -0
          1           0 2.22044604925e-16
-0.0436193873653         -0 -0.999048221582
         0          1         -0
0.999048221582          0 -0.0436193873653
-0.0871557427477         -0 -0.996194698092
         0          1         -0
0.996194698092          0 -0.0871557427477
-0.13052619222        -0 -0.991444861374
        0         1        -0
0.991444861374         0 -0.13052619222
-0.173648177667        -0 -0.984807753012
        0         1        -0
0.984807753012         0 -0.173648177667
-0.216439613938        -0 -0.97629600712
        0         1        -0
0.97629600712         0 -0.216439613938
-0.258819045103        -0 -0.965925826289
        0         1        -0
0.965925826289         0 -0.258819045103
-0.300705799504        -0 -0.953716950748
        0         1        -0
0.953716950748         0 -0.300705799504
-0.342020143326        -0 -0.939692620786
        0         1        -0
0.939692620786         0 -0.342020143326
-0.382683432365        -0 -0.923879532511
        0         1        -0
0.923879532511         0 -0.382683432365
-0.422618261741        -0 -0.906307787037
        0         1        -0
0.906307787037         0 -0.422618261741
-0.461748613235        -0 -0.887010833178
        0         1        -0
0.887010833178         0 -0.461748613235
     -0.5        -0 -0.866025403784
        0         1        -0
0.866025403784         0      -0.5
-0.537299608347         0 -0.843391445813
        0         1         0
0.843391445813         0 -0.537299608347
-0.573576436351         0 -0.819152044289
        0         1         0
0.819152044289         0 -0.573576436351
-0.608761429009         0 -0.793353340291
        0         1         0
0.793353340291         0 -0.608761429009
-0.642787609687         0 -0.766044443119
        0         1         0
0.766044443119         0 -0.642787609687
-0.675590207616         0 -0.73727733681
        0         1         0
0.73727733681         0 -0.675590207616
-0.707106781187         0 -0.707106781187
        0         1         0
0.707106781187         0 -0.707106781187
-0.73727733681         0 -0.675590207616
        0         1         0
0.675590207616         0 -0.73727733681
-0.766044443119         0 -0.642787609687
        0         1         0
0.642787609687         0 -0.766044443119
-0.793353340291         0 -0.608761429009
        0         1         0
0.608761429009         0 -0.793353340291
-0.819152044289         0 -0.573576436351
        0         1         0
0.573576436351         0 -0.819152044289
-0.843391445813         0 -0.537299608347
        0         1         0
0.537299608347         0 -0.843391445813
-0.866025403784         0      -0.5
        0         1         0
      0.5         0 -0.866025403784
-0.887010833178         0 -0.461748613235
        0         1         0
0.461748613235         0 -0.887010833178
-0.906307787037         0 -0.422618261741
        0         1         0
0.422618261741         0 -0.906307787037
-0.923879532511         0 -0.382683432365
        0         1         0
0.382683432365         0 -0.923879532511
-0.939692620786         0 -0.342020143326
        0         1         0
0.342020143326         0 -0.939692620786
-0.953716950748         0 -0.300705799504
        0         1         0
0.300705799504         0 -0.953716950748
-0.965925826289         0 -0.258819045103
        0         1         0
0.258819045103         0 -0.965925826289
-0.97629600712         0 -0.216439613938
        0         1         0
0.216439613938         0 -0.97629600712
-0.984807753012         0 -0.173648177667
        0         1         0
0.173648177667         0 -0.984807753012
-0.991444861374         0 -0.13052619222
        0         1         0
0.13052619222         0 -0.991444861374
-0.996194698092          0 -0.0871557427477
         0          1          0
0.0871557427477          0 -0.996194698092
-0.999048221582          0 -0.0436193873653
         0          1          0
0.0436193873653          0 -0.999048221582
          -1            0 -1.22464679915e-16
           0            1            0
1.22464679915e-16            0           -1
-0.999048221582         0 0.0436193873653
        0         1         0
-0.0436193873653         0 -0.999048221582
-0.996194698092         0 0.0871557427477
        0         1         0
-0.0871557427477         0 -0.996194698092
-0.991444861374         0 0.13052619222
        0         1         0
-0.13052619222         0 -0.991444861374
-0.984807753012         0 0.173648177667
        0         1         0
-0.173648177667         0 -0.984807753012
-0.97629600712         0 0.216439613938
        0         1         0
-0.216439613938         0 -0.97629600712
-0.965925826289         0 0.258819045103
        0         1         0
-0.258819045103         0 -0.965925826289
-0.953716950748         0 0.300705799504
        0         1         0
-0.300705799504         0 -0.953716950748
-0.939692620786         0 0.342020143326
        0         1         0
-0.342020143326         0 -0.939692620786
-0.923879532511        0 0.382683432365
       0        1        0
-0.382683432365        0 -0.923879532511
-0.906307787037         0 0.422618261741
        0         1         0
-0.422618261741         0 -0.906307787037
-0.887010833178         0 0.461748613235
        0         1         0
-0.461748613235         0 -0.887010833178
-0.866025403784         0       0.5
        0         1         0
     -0.5         0 -0.866025403784
-0.843391445813         0 0.537299608347
        0         1         0
-0.537299608347         0 -0.843391445813
-0.819152044289         0 0.573576436351
        0         1         0
-0.573576436351         0 -0.819152044289
-0.793353340291         0 0.608761429009
        0         1         0
-0.608761429009         0 -0.793353340291
-0.766044443119         0 0.642787609687
        0         1         0
-0.642787609687         0 -0.766044443119
-0.73727733681         0 0.675590207616
        0         1         0
-0.675590207616         0 -0.73727733681
-0.707106781187         0 0.707106781187
        0         1         0
-0.707106781187         0 -0.707106781187
-0.675590207616        0 0.73727733681
       0        1        0
-0.73727733681        0 -0.675590207616
-0.642787609687         0 0.766044443119
        0         1         0
-0.766044443119         0 -0.642787609687
-0.608761429009         0 0.793353340291
        0         1         0
-0.793353340291         0 -0.608761429009
-0.573576436351         0 0.819152044289
        0         1         0
-0.819152044289         0 -0.573576436351
-0.537299608347        0 0.843391445813
       0        1        0
-0.843391445813        0 -0.537299608347
    -0.5        0 0.866025403784
       0        1        0
-0.866025403784        0     -0.5
-0.461748613235         0 0.887010833178
        0         1         0
-0.887010833178         0 -0.461748613235
-0.422618261741         0 0.906307787037
        0         1         0
-0.906307787037         0 -0.422618261741
-0.382683432365         0 0.923879532511
        0         1         0
-0.923879532511         0 -0.382683432365
-0.342020143326        0 0.939692620786
       0        1        0
-0.939692620786        0 -0.342020143326
-0.300705799504         0 0.953716950748
        0         1         0
-0.953716950748         0 -0.300705799504
-0.258819045103         0 0.965925826289
        0         1         0
-0.965925826289         0 -0.258819045103
-0.216439613938        0 0.97629600712
       0        1        0
-0.97629600712        0 -0.216439613938
-0.173648177667         0 0.984807753012
        0         1         0
-0.984807753012         0 -0.173648177667
-0.13052619222         0 0.991444861374
        0         1         0
-0.991444861374         0 -0.13052619222
-0.0871557427477          0 0.996194698092
         0          1          0
-0.996194698092          0 -0.0871557427477
-0.0436193873653          0 0.999048221582
         0          1          0
-0.999048221582          0 -0.0436193873653
-2.22044604925e-16            0            1
           0            1            0
          -1            0 -2.22044604925e-16
0.0436193873653         0 0.999048221582
        0         1         0
-0.999048221582         0 0.0436193873653
0.0871557427477         0 0.996194698092
        0         1         0
-0.996194698092         0 0.0871557427477
0.13052619222        0 0.991444861374
       0        1        0
-0.991444861374        0 0.13052619222
0.173648177667        0 0.984807753012
       0        1        0
-0.984807753012        0 0.173648177667
0.216439613938        0 0.97629600712
       0        1        0
-0.97629600712        0 0.216439613938
0.258819045103        0 0.965925826289
       0        1        0
-0.965925826289        0 0.258819045103
0.300705799504        0 0.953716950748
       0        1        0
-0.953716950748        0 0.300705799504
0.342020143326        0 0.939692620786
       0        1        0
-0.939692620786        0 0.342020143326
0.382683432365        0 0.923879532511
       0        1        0
-0.923879532511        0 0.382683432365
0.422618261741        0 0.906307787037
       0        1        0
-0.906307787037        0 0.422618261741
0.461748613235        0 0.887010833178
       0        1        0
-0.887010833178        0 0.461748613235
     0.5        0 0.866025403784
       0        1        0
-0.866025403784        0      0.5
0.537299608347        0 0.843391445813
       0        1        0
-0.843391445813        0 0.537299608347
0.573576436351        0 0.819152044289
       0        1        0
-0.819152044289        0 0.573576436351
0.608761429009        0 0.793353340291
       0        1        0
-0.793353340291        0 0.608761429009
0.642787609687        0 0.766044443119
       0        1        0
-0.766044443119        0 0.642787609687
0.675590207616        0 0.73727733681
       0        1        0
-0.73727733681        0 0.675590207616
0.707106781187        0 0.707106781187
       0        1        0
-0.707106781187        0 0.707106781187
0.73727733681        0 0.675590207616
       0        1        0
-0.675590207616        0 0.73727733681
0.766044443119        0 0.642787609687
       0        1        0
-0.642787609687        0 0.766044443119
0.793353340291        0 0.608761429009
       0        1        0
-0.608761429009        0 0.793353340291
0.819152044289        0 0.573576436351
       0        1        0
-0.573576436351        0 0.819152044289
0.843391445813        0 0.537299608347
       0        1        0
-0.537299608347        0 0.843391445813
0.866025403784        0      0.5
       0        1        0
    -0.5        0 0.866025403784
0.887010833178        0 0.461748613235
       0        1        0
-0.461748613235        0 0.887010833178
0.906307787037        0 0.422618261741
       0        1        0
-0.422618261741        0 0.906307787037
0.923879532511        0 0.382683432365
       0        1        0
-0.382683432365        0 0.923879532511
0.939692620786        0 0.342020143326
       0        1        0
-0.342020143326        0 0.939692620786
0.953716950748        0 0.300705799504
       0        1        0
-0.300705799504        0 0.953716950748
0.965925826289        0 0.258819045103
       0        1        0
-0.258819045103        0 0.965925826289
0.97629600712        0 0.216439613938
       0        1        0
-0.216439613938        0 0.97629600712
0.984807753012        0 0.173648177667
       0        1        0
-0.173648177667        0 0.984807753012
0.991444861374        0 0.13052619222
       0        1        0
-0.13052619222        0 0.991444861374
0.996194698092         0 0.0871557427477
        0         1         0
-0.0871557427477         0 0.996194698092
0.999048221582         0 0.0436193873653
        0         1         0
-0.0436193873653         0 0.999048221582
