1 0 0
0 1 0
0 0 1
0.998826199664 -0.00114605529739 -0.0484242647969
0.00152386136721 0.999968684593 0.00776580195077
0.0484138483329 -0.0078304783162 0.998796667445
0.995135755131 -0.00412449978136 -0.0984267106066
0.00422136062137 0.999990789037 0.00077585747205
0.0984226039779 -0.00118757815157 0.995143999974
0.989569658364 -0.00437607593767 -0.143988684297
0.00404714420036 0.999988489144 -0.00257724739554
0.143998305094 0.00196762285616 0.98957597818
0.982412989253 -0.00688641544787 -0.186593932991
0.00632688677962 0.999973526507 -0.00359399352285
0.186613742931 0.00235022723234 0.98243055092
0.972161444677 -0.00886905295206 -0.234144112423
0.00731923471463 0.999945183651 -0.00748722216716
0.234197682068 0.00556503300278 0.972173069017
0.96179947202 -0.0088730550195 -0.273611119138
0.00818357564291 0.999959811616 -0.00366118049706
0.273632609005 0.00128220417884 0.961833432171
0.947020707312 -0.00921140583913 -0.32104038675
0.00736856758003 0.999948666704 -0.006954722826
0.321087969463 0.00422065874416 0.947039968484
0.933454744893 -0.00665675911549 -0.358633415613
0.00596653102113 0.999977605631 -0.00303129407918
0.358645562839 0.000689778441905 0.933473558523
0.915840472468 -0.00617674594194 -0.401494802954
0.006681213322 0.999977670125 -0.000143669233253
0.401486725033 -0.00255089432774 0.915861290022
0.896837320774 -0.00694466703504 -0.442305993252
0.00986533981709 0.999942077005 0.00430322034971
0.442250489132 -0.0082227875357 0.896853884771
0.8778020424 -0.00908430015623 -0.478937417466
0.0134719594322 0.999892853983 0.00572598129738
0.478834084697 -0.0114785035362 0.877830372731
0.857587571127 -0.0114088535697 -0.514211431134
0.0172045780677 0.999830796974 0.0065099858882
0.514050153528 -0.0144296736962 0.857638749227
0.837016637623 -0.0121448749779 -0.547042640344
0.0203500477503 0.999752930862 0.00894163238574
0.546798887983 -0.0186166389268 0.837056985429
0.814438795922 -0.0129691354641 -0.580104515775
0.0202904339546 0.999775303159 0.00613526556267
0.579894599032 -0.0167673706616 0.814518943484
0.785888941412 -0.0128835048838 -0.618233440594
0.0211983655705 0.999756601325 0.00611288839114
0.618004207966 -0.0179095898683 0.785970766331
0.757076869326 -0.00959642081153 -0.653255327295
0.0218326744618 0.999705266495 0.0106167069996
0.652960908675 -0.0222999741991 0.757063248939
0.733367220436 -0.0062132200457 -0.679804321763
0.0170921444586 0.999810658238 0.00930087474702
0.679617818033 -0.018440270332 0.733334560649
0.6946009175 -0.00389643184197 -0.719384725461
0.0182154773763 0.999759979769 0.0121728893718
0.719164627739 -0.0215592363178 0.694505174594
0.659454796027 -0.00693184723477 -0.751712259772
0.0212292159482 0.999730398391 0.00940483513926
0.751444404056 -0.022160325532 0.659424163634
0.627410790403 -0.00545370380075 -0.778669350367
0.0212291418979 0.999723584368 0.0101033851946
0.778399013116 -0.0228694550212 0.627353141705
0.592863250352 -0.00141403013828 -0.805301910404
0.0149828998602 0.999844733506 0.00927478257229
0.805163759178 -0.0175644356229 0.592792384826
0.561426317656 -8.63818739713e-05 -0.827526726083
0.0195171274433 0.999723214521 0.0131368216691
0.827296543919 -0.0235263019911 0.56127260893
0.526170197585 0.00188827651307 -0.85037718548
0.0221643417145 0.999627357639 0.0159338575303
0.850090386447 -0.0272319714902 0.525932271875
0.48607328878 0.00051258179806 -0.873917899573
0.0290356298869 0.999438264388 0.0167358260778
0.873435567247 -0.0335095947057 0.485785360968
0.448113295907 0.00205812995726 -0.893974405748
0.0385819985766 0.999021100074 0.0216395700754
0.893143831316 -0.0441882983186 0.447595231068
0.402076499763 0.00317580712013 -0.915600569346
0.0329228280649 0.999297164836 0.0179238317136
0.915013975702 -0.0373509116384 0.401689349709
0.357500390083 0.00578695369546 -0.933895059553
0.0311456105855 0.999350683104 0.0181152731126
0.933393497959 -0.0355629490567 0.357088020833
0.316740262081 0.00721135856432 -0.948484898501
0.0342961703894 0.999230135791 0.0190501554885
0.947892071427 -0.0385633509329 0.316249093108
0.274873759484 0.00579013183258 -0.961462890974
0.035492615724 0.999239199679 0.016164654468
0.960825005178 -0.0385680722667 0.274459128516
0.237899354569 0.00448044112187 -0.971279477155
0.0346881929355 0.999312243574 0.0131060716093
0.970670194436 -0.0368098558746 0.237580319353
0.197503006602 0.00494455107349 -0.980289811126
0.0360323157049 0.999274929605 0.0122998897628
0.979639849439 -0.0377513771658 0.197181639394
0.159475561327 0.00573728838365 -0.987185204944
0.0387358948044 0.999176649005 0.0120645985063
0.986441623104 -0.0401635108702 0.159122017966
0.115517720931 0.00897567590085 -0.993264865679
0.0358212098559 0.999271087667 0.0131959947406
0.992659305641 -0.0371043204339 0.11511199907
0.0729863645609 0.00788387568379 -0.997301777343
0.0380632732287 0.999218207232 0.0106846416051
0.996606330413 -0.0387404031898 0.0726292182347
0.0280235082731 0.00632650182501 -0.999587243996
0.0363324018441 0.999312779783 0.00734334649908
0.998946765128 -0.0365231917585 0.0277743929451
-0.0118870349116 0.00804156069139 -0.999897010548
0.0390931501252 0.999206886296 0.00757126093907
0.99916486328 -0.0389991241 -0.0121919770807
-0.055198769356 0.00956571783776 -0.998429563316
0.0383711596393 0.999235768358 0.00745206962618
0.997737816247 -0.0378995550901 -0.055523632396
-0.102853898965 0.0120572119691 -0.994623395616
0.0430095798196 0.999045269953 0.00766319960185
0.993766195597 -0.0419901443666 -0.103274276877
-0.153030341171 0.0175291072034 -0.988066012512
0.0428770966776 0.999018883176 0.0110826728475
0.987290873685 -0.0406694167354 -0.153631797753
-0.197962924698 0.0211520756834 -0.979981260096
0.0398139456308 0.999115606344 0.0135223849074
0.979400597395 -0.0363399897435 -0.198629995134
-0.247058058158 0.0204277179242 -0.968785334447
0.037302515577 0.999237188145 0.0115569961248
0.968282416566 -0.0332828810082 -0.247631604608
-0.285105669429 0.0230603017105 -0.958218649237
0.0339850982047 0.999325148643 0.013937732553
0.957893402399 -0.028591428326 -0.285696972099
-0.324265818432 0.0257286202017 -0.945616051629
0.038145765265 0.999172631754 0.0141050538874
0.94519658251 -0.0314974610935 -0.324978969097
-0.369721107669 0.0281613625398 -0.928715909309
0.043228578119 0.998979545894 0.0130826954237
0.928136623875 -0.0353101195926 -0.370561199907
-0.40978360403 0.0291786734957 -0.911715966122
0.041501916011 0.999049631491 0.0133200895207
0.911238162522 -0.0323796051621 -0.410605129454
-0.442156299127 0.0329071215808 -0.896334161176
0.0388450602546 0.99909168458 0.0175176224822
0.896096461569 -0.0270726273729 -0.443032960863
-0.482938097481 0.0333036303559 -0.875020949582
0.045605189441 0.998876924851 0.0128474003483
0.874466100371 -0.0337009970887 -0.483914540077
-0.522404968933 0.0320503042022 -0.852094963273
0.0464571924447 0.998878928989 0.00908925142534
0.851431017584 -0.0348376695815 -0.523308283017
-0.558955658815 0.032761824056 -0.828550079574
0.0472470202175 0.998854154826 0.00762210386666
0.82785040349 -0.0348861042725 -0.559863080735
-0.598749018514 0.0356006449777 -0.800145116154
0.0490303242586 0.998767234414 0.00774846846571
0.799434575267 -0.0345919866101 -0.599756412497
-0.631497411544 0.0351309756078 -0.774581715357
0.0469427423504 0.998872826993 0.00703238474039
0.773955682293 -0.0319200571328 -0.632434749045
-0.669542983631 0.0382779012869 -0.741786354245
0.0514404942609 0.998663025323 0.00510268579848
0.740989924777 -0.0347413892243 -0.670616855779
-0.704256667395 0.0397913598027 -0.708829453475
0.0463146689425 0.998876265148 0.0100577514506
0.708433128721 -0.0257459629563 -0.70530819329
-0.734500095505 0.042210786598 -0.677294514371
0.0470728731662 0.998828656115 0.0112009078089
0.676973968712 -0.0236551309158 -0.735626726314
-0.769730797259 0.042829700332 -0.636930228927
0.0456591454342 0.998885121451 0.0119898532897
0.636733650901 -0.0198527306223 -0.770828208421
-0.790028605455 0.0412966133294 -0.61167752312
0.0430010463543 0.999004067164 0.0119073003609
0.611560064569 -0.0168956656267 -0.79101758761
-0.825095756705 0.0406667214241 -0.563527470524
0.0437506968397 0.999010167615 0.00803501889047
0.563296430659 -0.0180250595322 -0.826058247605
-0.850262772958 0.0404980590112 -0.524798174672
0.0410402782966 0.999101187525 0.0106071977606
0.524756050446 -0.0125189577568 -0.851160597782
-0.872717682037 0.0409431315117 -0.486505403302
0.0407531391385 0.999108939938 0.0109776038693
0.486521355246 -0.0102462733893 -0.8736085993
-0.890724609142 0.0409088266079 -0.452698728266
0.0441088363986 0.999020635515 0.00349003828927
0.45239814458 -0.0168593511519 -0.891656705834
-0.909414998674 0.0403508512715 -0.413927734018
0.0445007021847 0.999009279462 -0.000383475546113
0.413502173746 -0.0187688132308 -0.910309663772
-0.926415637832 0.0392261046757 -0.374453439952
0.0421771347427 0.999110099341 0.000314164972617
0.374132537057 -0.0155023258482 -0.927245664648
-0.941771862712 0.038010515423 -0.33409723034
0.0396838972993 0.999210630336 0.00181783367499
0.333902600916 -0.0115462955706 -0.942536861964
-0.954778402606 0.038305853819 -0.294840403407
0.0371701660192 0.999264198338 0.00945730822336
0.294985729614 -0.00192963310534 -0.955499710016
-0.966779863743 0.0360908624179 -0.253049688227
0.0344225232875 0.999346625595 0.011018702367
0.253282026509 0.00194205078712 -0.967390533077
-0.974242558458 0.0414151281415 -0.221666922318
0.0393314899078 0.999130812363 0.0138077401732
0.222046101498 0.00473359779482 -0.975024677565
-0.982421079169 0.0418118843299 -0.181935674166
0.039168050554 0.999068654521 0.0181021371506
0.182523113663 0.0106578554315 -0.983143795737
-0.989338810791 0.045845886791 -0.138227609854
0.0435874055037 0.998862724323 0.0193234582832
0.138956308037 0.0130924643557 -0.990211963084
-0.993996333851 0.0443963810588 -0.10000124819
0.0429430573445 0.998938937292 0.0166401137968
0.100633901428 0.0122458527733 -0.994848157747
-0.997304057147 0.0427019736308 -0.0596754475986
0.0418619552113 0.999006907077 0.0152570088258
0.0602676887224 0.0127177458873 -0.998101229653
-0.998935406523 0.045416451318 -0.0080869984726
0.0452393925719 0.99875804693 0.0208748904572
0.00902501824625 0.0204868162864 -0.999749388299
-0.998240261536 0.045135829637 0.0384595519005
0.0459317214569 0.998742989296 0.0200678423356
-0.0375054291192 0.0217990416068 -0.999058629196
-0.996388054325 0.0434942663135 0.0729321191034
0.0448616598184 0.998844853581 0.0172159795734
-0.0720990754268 0.0204256523075 -0.997188305211
-0.99239769828 0.0419338743222 0.115708075056
0.0441621084236 0.998883776421 0.0167603514871
-0.114876092501 0.0217428467943 -0.993141848874
-0.986714531961 0.0459011126714 0.155844538799
0.0497474087977 0.998543793153 0.0208683605871
-0.154659715944 0.02834397663 -0.987561132919
-0.97989417358 0.0401694996148 0.195432392107
0.0461207538784 0.998597580927 0.025995142409
-0.19411410213 0.0344859778442 -0.980372598906
-0.971860116215 0.0390033861687 0.232307232729
0.0458455967749 0.998657172534 0.0241253601675
-0.231054313457 0.0340967390557 -0.972343209273
-0.960373099366 0.0362834037816 0.276345842423
0.0431876343371 0.998887487348 0.0189371555615
-0.275351299716 0.0301214579729 -0.960871666517
-0.948503520597 0.0355065558211 0.314770322471
0.0423318249065 0.998992921377 0.0148714370293
-0.313925290499 0.0274304125552 -0.949051360281
-0.936064768786 0.0312937621191 0.350433230573
0.0392304480429 0.999108871157 0.0155703410965
-0.349633694864 0.0283225003829 -0.93645828278
-0.922141043933 0.0287086762906 0.385787126534
0.0389037862187 0.999069004613 0.0186445552392
-0.384892699998 0.0322014895285 -0.92239941108
-0.905224263658 0.0276026435703 0.424036704251
0.0373203730189 0.999196281344 0.0146280930698
-0.423292124002 0.0290669127542 -0.905526858984
-0.887847602328 0.0242367935411 0.459498871466
0.034756673374 0.999291358009 0.0144483723484
-0.458823069054 0.0287986049384 -0.888060826553
-0.867899601337 0.0227891177831 0.496216624176
0.0351857852856 0.99925825259 0.0156494454837
-0.495491919724 0.0310419190899 -0.868057692061
-0.84421544916 0.0216593685725 0.535566193063
0.0352601554609 0.999263046749 0.0151685477064
-0.53484296465 0.0316896695421 -0.844357014543
-0.818771822756 0.0225824169804 0.573674765615
0.036256938028 0.999265421152 0.0124117901797
-0.572973068045 0.0309621144942 -0.818989139587
-0.789375975425 0.0186728893937 0.613626020165
0.0333940850276 0.999363494851 0.0125475194754
-0.613001145601 0.0303961899176 -0.789497097608
-0.759872255851 0.0191021666098 0.64979170664
0.0365743022066 0.999241155841 0.0133952563456
-0.64904273758 0.033944361907 -0.759994279642
-0.735565879045 0.016697048447 0.67724740395
0.0363594143807 0.999228361731 0.0148551034325
-0.676476777554 0.0355512262131 -0.735605383167
-0.707379897191 0.0129599439581 0.706714737998
0.0387028851139 0.999042125331 0.0204185821533
-0.705773170172 0.0417955938574 -0.707203903128
-0.679721619589 0.0130800185274 0.73335355251
0.0379709424746 0.999127800773 0.0173736942123
-0.732486673866 0.0396554011241 -0.679625427548
-0.644187942585 0.0111883311734 0.764785405113
0.0387649607759 0.999085568617 0.0180361968497
-0.763884266394 0.0412655767718 -0.644032592133
-0.615286241819 0.00899183072296 0.788252489758
0.047239557801 0.998558483304 0.0254829276111
-0.786887072462 0.052915993812 -0.614824066536
-0.582543311953 0.00374968920586 0.81279101221
0.0439717685873 0.998670331723 0.026908216274
-0.811609372338 0.0514150597257 -0.581933603057
-0.547096120756 0.000945030793673 0.837069257332
0.0448848561599 0.998593821025 0.0282086918946
-0.835865530059 0.0530045991183 -0.546369223265
-0.507742287831 -0.00652128043868 0.861484324901
0.0514642128106 0.997955940065 0.0378863628288
-0.859970466904 0.0635721211699 -0.506368819599
-0.471748460698 -0.0100855502437 0.881675491043
0.0524945419104 0.997839622316 0.0395020405365
-0.880169138802 0.0649181778334 -0.470199869511
-0.435367768118 -0.00960319477229 0.900201469191
0.0549831826429 0.997792728879 0.037236001691
-0.898572065062 0.0657072967458 -0.433878779204
-0.404051950962 -0.0113081796875 0.914666139089
0.0501075095347 0.998148635901 0.034475181454
-0.913362610584 0.0597614066117 -0.402737278965
-0.35839849689 -0.0115101614076 0.933497741621
0.0528456958922 0.998070573454 0.0325954418686
-0.932071805095 0.0610134951409 -0.357098730827
-0.31399820268 -0.0127262271884 0.949338281044
0.0461926181572 0.998521215937 0.0286639730729
-0.948299198956 0.0528528567449 -0.312946009389
-0.279209986131 -0.0159303494239 0.960097915638
0.0470815696304 0.998432649265 0.0302583985543
-0.959075132326 0.0536513639078 -0.278022340298
-0.243181251786 -0.0180761438097 0.969812420938
0.0426408327492 0.998660560005 0.02930606205
-0.969043155986 0.0484802940936 -0.242084743266
-0.197029568675 -0.0211963596973 0.98016838523
0.0371142853262 0.99888835438 0.0290617499152
-0.979694788642 0.0421042731678 -0.196023853876
-0.15539340404 -0.0268944423238 0.98748649558
0.0464405382037 0.998325192168 0.0344976389759
-0.986760440225 0.0512201098755 -0.153884157574
-0.101526831289 -0.029697506921 0.99438944112
0.0406961658166 0.99859366545 0.0339781313586
-0.994000062684 0.0439175295921 -0.100175475932
-0.0585824605984 -0.0341696601776 0.997697614327
0.0386799766449 0.998585852723 0.0364712784023
-0.997532934152 0.0407274976508 -0.0571779347136
-0.0178402232526 -0.0347800922071 0.999235743766
0.0407687583278 0.998538339538 0.0354836979091
-0.999009326673 0.0413706376427 -0.0163962057298
0.0273496109028 -0.0369430824111 0.998943045146
0.0423509890191 0.998462418591 0.0357657991784
-0.998728387757 0.0413280452445 0.028872134727
0.0769397327334 -0.0387382098804 0.996282905917
0.0451633773557 0.998354643344 0.0353309419612
-0.996012322651 0.0422771476012 0.0785626878229
0.120684106868 -0.0393443789587 0.991910966868
0.0429464313111 0.998485665028 0.0343799472159
-0.991761539074 0.0384499229814 0.122191051373
0.164997001697 -0.0441179452974 0.985306853896
0.0407808185274 0.998449912934 0.0378773837913
-0.985450614831 0.0339319652449 0.1665404079
0.210871599039 -0.0429709233567 0.976568824233
0.0448757660951 0.998405564416 0.0342417079094
-0.976483145956 0.0366036704313 0.212463730963
0.258824454256 -0.0434741028425 0.964945544713
0.0479572265689 0.998332979398 0.0321148978747
-0.964733126983 0.0379639911986 0.260477885958
0.298009460565 -0.0446411176752 0.953518501145
0.0485366670702 0.998322380762 0.0315692258409
-0.953328145689 0.0368726820721 0.299676245227
0.336585188738 -0.0489878284929 0.940377904559
0.0504001660244 0.998151631288 0.0339579772929
-0.94030326703 0.0359654503192 0.338432049895
0.381733181412 -0.0482149980102 0.923014134331
0.0441552937259 0.998449549203 0.0338940663141
-0.923217248672 0.0278174704495 0.383270270296
0.420505880789 -0.0504787701675 0.905884483797
0.0424404528403 0.998452495488 0.0359363634354
-0.906296646901 0.0233346955546 0.421997487906
0.466382702674 -0.0496191581537 0.883190304403
0.0466883955773 0.998414662796 0.0314381111353
-0.883350082563 0.0265725470637 0.467959967708
0.506440544063 -0.0525162267697 0.860674166717
0.0495115419193 0.998267878916 0.0317781236346
-0.860852241994 0.0265195748614 0.508163487082
0.541762908781 -0.051227737394 0.838968813241
0.0499044665807 0.998340594091 0.0287332978621
-0.839048565272 0.026301656074 0.543420397117
0.572818372454 -0.0544431260133 0.817872274997
0.0502100414351 0.998248589281 0.0312842729914
-0.818143058345 0.0231451944779 0.574548723829
0.605809593312 -0.0518356327747 0.793919267826
0.0542787669299 0.998243142178 0.0237580418852
-0.793755977685 0.0287001092071 0.60755884622
0.652663220092 -0.055513760489 0.755611635389
0.0619490993543 0.997882808957 0.0198042590734
-0.755111270097 0.0338839487756 0.654720434832
0.688475181812 -0.0560418514906 0.72309144298
0.0622633545435 0.997896389018 0.0180574490593
-0.722582312757 0.0325899933574 0.690516251527
0.717115874525 -0.059335213216 0.694423613493
0.0606878647041 0.997901023716 0.0225949096998
-0.694306708582 0.0259399178738 0.719211592704
0.745723571281 -0.0561096479517 0.663888592042
0.0627264245678 0.997934186887 0.0138835983526
-0.663296126098 0.0312900311444 0.747702603348
0.775600259793 -0.0602920097529 0.62833837267
0.0653682004267 0.997747708442 0.0150502050273
-0.627830578566 0.0294004057513 0.777794562053
0.801087102158 -0.0599084034761 0.595542137845
0.06006148845 0.998002180247 0.0196026994711
-0.595526718428 0.0200656775199 0.803084862405
0.826893015165 -0.0624845780599 0.558877105431
0.0631038576947 0.997841066996 0.018196377675
-0.558807520184 0.0202208437292 0.829050826466
0.850011526728 -0.0642786886555 0.522827557245
0.0627074435493 0.997816714373 0.0207263368958
-0.523018337111 0.0151675542637 0.852186461019
0.873902993014 -0.0638690863507 0.48188618844
0.0639762200858 0.997819444735 0.0162295709051
-0.48187197684 0.0166461862587 0.876083501967
0.894786733444 -0.0652555688912 0.441699459341
0.0658724994547 0.997730406312 0.0139588729911
-0.441607875234 0.0166056330283 0.897054478548
0.913858244583 -0.0658343993896 0.40066063029
0.0649468534267 0.997763454435 0.015811237274
-0.400805457844 0.0115724176894 0.916090096066
0.932929041553 -0.0664876227308 0.35386833632
0.0661532313431 0.997724058233 0.0130557882309
-0.353931000916 0.0112294099166 0.93520412047
0.948219727333 -0.0634070053966 0.311221625795
0.0637551851431 0.997924389743 0.00906579960888
-0.311150486201 0.0112456223399 0.95029411811
0.959329070273 -0.0624054275236 0.275305825483
0.0621016167999 0.998021429508 0.00982931499666
-0.275374516105 0.00766738925977 0.961306448029
0.971864875478 -0.0655245898251 0.226241446114
0.0642253073117 0.997849345444 0.0131070094601
-0.226613710336 0.00179218428654 0.973983066774
0.981177191385 -0.0657955763148 0.181555119023
0.0643954343746 0.997831750846 0.0136023907657
-0.182056439429 -0.00165503481525 0.983286689487
0.98779104064 -0.0672192110017 0.140536250499
0.0666395395315 0.997738025096 0.00883204673065
-0.14081204424 0.000641054389665 0.990036139364
0.99287739429 -0.0678687875378 0.0979199039353
0.0672546578557 0.997690014523 0.00956273587909
-0.098342721669 -0.00290905464548 0.995148354014
0.996381517161 -0.0655346607936 0.0541209801681
0.0652362429864 0.99784340698 0.0072641411815
-0.0544803162683 -0.00370720659839 0.998507962792
0.997653031856 -0.0681741777964 0.00638040050883
0.0681240660838 0.997646622748 0.00776709334812
-0.00689490022229 -0.00731420540155 0.999949480099
